CaseType = 0;
Energies = [275.0, 275.1, 275.2, 275.3, 275.4, 275.5, 275.6, 275.7, 275.8, 275.9, 276.0, 276.1, 276.2, 276.3, 276.4, 276.5, 276.6, 276.7, 276.8, 276.9, 277.0, 277.1, 277.2, 277.3, 277.4, 277.5, 277.6, 277.7, 277.8, 277.9, 278.0, 278.1, 278.2, 278.3, 278.4, 278.5, 278.6, 278.7, 278.8, 278.9, 279.0, 279.1, 279.2, 279.3, 279.4, 279.5, 279.6, 279.7, 279.8, 279.9, 280.0, 280.1, 280.2, 280.3, 280.4, 280.5, 280.6, 280.7, 280.8, 280.9, 281.0, 281.1, 281.2, 281.3, 281.4, 281.5, 281.6, 281.7, 281.8, 281.9, 282.0, 282.1, 282.2, 282.3, 282.4, 282.5, 282.6, 282.7, 282.8, 282.9, 283.0, 283.1, 283.2, 283.3, 283.4, 283.5, 283.6, 283.7, 283.8, 283.9, 284.0, 284.1, 284.2, 284.3, 284.4, 284.5, 284.6, 284.7, 284.8, 284.9, 285.0, 285.1, 285.2, 285.3, 285.4, 285.5, 285.6, 285.7, 285.8, 285.9, 286.0, 286.1, 286.2, 286.3, 286.4, 286.5, 286.6, 286.7, 286.8, 286.9, 287.0, 287.1, 287.2, 287.3, 287.4, 287.5, 287.6, 287.7, 287.8, 287.9, 288.0, 288.1, 288.2, 288.3, 288.4, 288.5, 288.6, 288.7, 288.8, 288.9, 289.0, 289.1, 289.2, 289.3, 289.4, 289.5, 289.6, 289.7, 289.8, 289.9, 290.0, 290.1, 290.2, 290.3, 290.4, 290.5, 290.6, 290.7, 290.8, 290.9, 291.0, 291.1, 291.2, 291.3, 291.4, 291.5, 291.6, 291.7, 291.8, 291.9, 292.0, 292.1, 292.2, 292.3, 292.4, 292.5, 292.6, 292.7, 292.8, 292.9, 293.0, 293.1, 293.2, 293.3, 293.4, 293.5, 293.6, 293.7, 293.8, 293.9, 294.0, 294.1, 294.2, 294.3, 294.4, 294.5, 294.6, 294.7, 294.8, 294.9, 295.0, 295.1, 295.2, 295.3, 295.4, 295.5, 295.6, 295.7, 295.8, 295.9, 296.0, 296.1, 296.2, 296.3, 296.4, 296.5, 296.6, 296.7, 296.8, 296.9, 297.0, 297.1, 297.2, 297.3, 297.4, 297.5, 297.6, 297.7, 297.8, 297.9, 298.0, 298.1, 298.2, 298.3, 298.4, 298.5, 298.6, 298.7, 298.8, 298.9, 299.0, 299.1, 299.2, 299.3, 299.4, 299.5, 299.6, 299.7, 299.8, 299.9];
EAngleRotation = [0.0, 1.0, 360.0];
MorphologyType = 0;
AlgorithmType = 0;
NumThreads = 4;
DumpMorphology = False;
ScatterApproach = 0;
WindowingType = 0;
RotMask = False;
EwaldsInterpolation = 1;
