BetaPara	BetaPerp	DeltaPara	DeltaPerp	Beta	Delta	Energy
0.752890603	0.752890603	-4335.369944	-4335.369944	0.752890603	-4335.369944	10
0.761787755	0.761787755	-4198.492908	-4198.492908	0.761787755	-4198.492908	10.1617
0.77077497	0.77077497	-4065.870194	-4065.870194	0.77077497	-4065.870194	10.3261
0.779876534	0.779876534	-3937.481614	-3937.481614	0.779876534	-3937.481614	10.4931
0.789091633	0.789091633	-3813.147771	-3813.147771	0.789091633	-3813.147771	10.6628
0.797810539	0.797810539	-3692.702172	-3692.702172	0.797810539	-3692.702172	10.8353
0.806559735	0.806559735	-3576.055013	-3576.055013	0.806559735	-3576.055013	11.0106
0.815427653	0.815427653	-3463.176827	-3463.176827	0.815427653	-3463.176827	11.1886
0.824101764	0.824101764	-3353.789423	-3353.789423	0.824101764	-3353.789423	11.3696
0.832308438	0.832308438	-3247.872896	-3247.872896	0.832308438	-3247.872896	11.5535
0.840589852	0.840589852	-3145.287688	-3145.287688	0.840589852	-3145.287688	11.7404
0.84844718	0.84844718	-3045.954651	-3045.954651	0.84844718	-3045.954651	11.9303
0.852035729	0.852035729	-2949.793556	-2949.793556	0.852035729	-2949.793556	12.1232
0.855629319	0.855629319	-2856.630704	-2856.630704	0.855629319	-2856.630704	12.3193
0.858034298	0.858034298	-2766.397839	-2766.397839	0.858034298	-2766.397839	12.5186
0.856722866	0.856722866	-2679.067507	-2679.067507	0.856722866	-2679.067507	12.721
0.855392909	0.855392909	-2594.442818	-2594.442818	0.855392909	-2594.442818	12.9268
0.854069917	0.854069917	-2512.502457	-2512.502457	0.854069917	-2512.502457	13.1359
0.852761589	0.852761589	-2433.180038	-2433.180038	0.852761589	-2433.180038	13.3483
0.851444606	0.851444606	-2356.339117	-2356.339117	0.851444606	-2356.339117	13.5642
0.851589004	0.851589004	-2281.922232	-2281.922232	0.851589004	-2281.922232	13.7836
0.851841258	0.851841258	-2209.839387	-2209.839387	0.851841258	-2209.839387	14.0066
0.852107535	0.852107535	-2140.065969	-2140.065969	0.852107535	-2140.065969	14.2331
0.852369779	0.852369779	-2072.484892	-2072.484892	0.852369779	-2072.484892	14.4633
0.852621916	0.852621916	-2007.016969	-2007.016969	0.852621916	-2007.016969	14.6973
0.852808505	0.852808505	-1943.639464	-1943.639464	0.852808505	-1943.639464	14.935
0.849316269	0.849316269	-1882.274289	-1882.274289	0.849316269	-1882.274289	15.1765
0.845825754	0.845825754	-1822.824112	-1822.824112	0.845825754	-1822.824112	15.422
0.842360528	0.842360528	-1765.267684	-1765.267684	0.842360528	-1765.267684	15.6714
0.838942555	0.838942555	-1709.514287	-1709.514287	0.838942555	-1709.514287	15.9249
0.835663548	0.835663548	-1655.521903	-1655.521903	0.835663548	-1655.521903	16.1825
0.832402941	0.832402941	-1603.247835	-1603.247835	0.832402941	-1603.247835	16.4442
0.829149639	0.829149639	-1552.611743	-1552.611743	0.829149639	-1552.611743	16.7102
0.825909356	0.825909356	-1503.575409	-1503.575409	0.825909356	-1503.575409	16.9805
0.828063492	0.828063492	-1456.099998	-1456.099998	0.828063492	-1456.099998	17.2551
0.835865255	0.835865255	-1410.114085	-1410.114085	0.835865255	-1410.114085	17.5342
0.84374136	0.84374136	-1365.582689	-1365.582689	0.84374136	-1365.582689	17.8178
0.851691092	0.851691092	-1322.455692	-1322.455692	0.851691092	-1322.455692	18.106
0.858320476	0.858320476	-1280.685358	-1280.685358	0.858320476	-1280.685358	18.3989
0.864349086	0.864349086	-1240.252698	-1240.252698	0.864349086	-1240.252698	18.6964
0.870410202	0.870410202	-1201.085214	-1201.085214	0.870410202	-1201.085214	18.9988
0.876514565	0.876514565	-1163.153574	-1163.153574	0.876514565	-1163.153574	19.3061
0.882658099	0.882658099	-1126.416471	-1126.416471	0.882658099	-1126.416471	19.6184
0.886185566	0.886185566	-1090.845346	-1090.845346	0.886185566	-1090.845346	19.9357
0.889525317	0.889525317	-1056.390419	-1056.390419	0.889525317	-1056.390419	20.2582
0.892888195	0.892888195	-1023.035406	-1023.035406	0.892888195	-1023.035406	20.5858
0.896253856	0.896253856	-990.7238702	-990.7238702	0.896253856	-990.7238702	20.9188
0.899640444	0.899640444	-959.440686	-959.440686	0.899640444	-959.440686	21.2571
0.897306263	0.897306263	-929.1428081	-929.1428081	0.897306263	-929.1428081	21.6009
0.886743771	0.886743771	-899.7984525	-899.7984525	0.886743771	-899.7984525	21.9503
0.876308707	0.876308707	-871.3848899	-871.3848899	0.876308707	-871.3848899	22.3053
0.855367217	0.855367217	-843.8641973	-843.8641973	0.855367217	-843.8641973	22.6661
0.817942641	0.817942641	-817.2152464	-817.2152464	0.817942641	-817.2152464	23.0327
0.782152239	0.782152239	-791.4030837	-791.4030837	0.782152239	-791.4030837	23.4053
0.74099912	0.74099912	-766.4144317	-766.4144317	0.74099912	-766.4144317	23.7838
0.701339777	0.701339777	-742.2099433	-742.2099433	0.701339777	-742.2099433	24.1685
0.661288179	0.661288179	-718.7711835	-718.7711835	0.661288179	-718.7711835	24.5594
0.620410027	0.620410027	-696.0738617	-696.0738617	0.620410027	-696.0738617	24.9566
0.593350882	0.593350882	-674.0892308	-674.0892308	0.593350882	-674.0892308	25.3603
0.576697886	0.576697886	-652.8004915	-652.8004915	0.576697886	-652.8004915	25.7705
0.560513391	0.560513391	-632.1857692	-632.1857692	0.560513391	-632.1857692	26.1873
0.544780299	0.544780299	-612.2193282	-612.2193282	0.544780299	-612.2193282	26.6109
0.54314717	0.54314717	-592.885774	-592.885774	0.54314717	-592.885774	27.0413
0.543091831	0.543091831	-574.165321	-574.165321	0.543091831	-574.165321	27.4786
0.543031231	0.543031231	-556.0308642	-556.0308642	0.543031231	-556.0308642	27.9231
0.552845866	0.552845866	-538.4725952	-538.4725952	0.552845866	-538.4725952	28.3747
0.563791652	0.563791652	-521.4652964	-521.4652964	0.563791652	-521.4652964	28.8337
0.574953941	0.574953941	0.140497832	0.140497832	0.574953941	0.140497832	29.3
0.584284397	0.584284397	0.152695722	0.152695722	0.584284397	0.152695722	29.7739
0.58621749	0.58621749	0.175685258	0.175685258	0.58621749	0.175685258	30.2555
0.578798923	0.578798923	0.192990158	0.192990158	0.578798923	0.192990158	30.7449
0.571486137	0.571486137	0.210151709	0.210151709	0.571486137	0.210151709	31.2421
0.554240012	0.554240012	0.234888345	0.234888345	0.554240012	0.234888345	31.7475
0.526137618	0.526137618	0.244799343	0.244799343	0.526137618	0.244799343	32.2609
0.505063897	0.505063897	0.24559841	0.24559841	0.505063897	0.24559841	32.7827
0.487572598	0.487572598	0.2472139	0.2472139	0.487572598	0.2472139	33.313
0.470684539	0.470684539	0.248240209	0.248240209	0.470684539	0.248240209	33.8518
0.454384585	0.454384585	0.248427367	0.248427367	0.454384585	0.248427367	34.3993
0.438625847	0.438625847	0.247806997	0.247806997	0.438625847	0.247806997	34.9557
0.423392089	0.423392089	0.246372204	0.246372204	0.423392089	0.246372204	35.5211
0.408687409	0.408687409	0.244096624	0.244096624	0.408687409	0.244096624	36.0956
0.394495493	0.394495493	0.240753758	0.240753758	0.394495493	0.240753758	36.6794
0.382379741	0.382379741	0.236137279	0.236137279	0.382379741	0.236137279	37.2727
0.37162601	0.37162601	0.232622523	0.232622523	0.37162601	0.232622523	37.8755
0.361170238	0.361170238	0.229456886	0.229456886	0.361170238	0.229456886	38.4882
0.351011887	0.351011887	0.226386865	0.226386865	0.351011887	0.226386865	39.1107
0.341138862	0.341138862	0.223220918	0.223220918	0.341138862	0.223220918	39.7432
0.331977832	0.331977832	0.219748468	0.219748468	0.331977832	0.219748468	40.3861
0.323424887	0.323424887	0.216826714	0.216826714	0.323424887	0.216826714	41.0393
0.315095494	0.315095494	0.214220011	0.214220011	0.315095494	0.214220011	41.7031
0.306979821	0.306979821	0.211829814	0.211829814	0.306979821	0.211829814	42.3776
0.299071973	0.299071973	0.209676778	0.209676778	0.299071973	0.209676778	43.063
0.291370829	0.291370829	0.208003535	0.208003535	0.291370829	0.208003535	43.7595
0.283203944	0.283203944	0.207443298	0.207443298	0.283203944	0.207443298	44.4673
0.273559838	0.273559838	0.205885604	0.205885604	0.273559838	0.205885604	45.1865
0.264241633	0.264241633	0.203417217	0.203417217	0.264241633	0.203417217	45.9174
0.25524248	0.25524248	0.200534007	0.200534007	0.25524248	0.200534007	46.66
0.246406455	0.246406455	0.197437212	0.197437212	0.246406455	0.197437212	47.4147
0.23767045	0.23767045	0.19376829	0.19376829	0.23767045	0.19376829	48.1816
0.229242318	0.229242318	0.18955905	0.18955905	0.229242318	0.18955905	48.9609
0.221114776	0.221114776	0.184487101	0.184487101	0.221114776	0.184487101	49.7528
0.214891117	0.214891117	0.177803723	0.177803723	0.214891117	0.177803723	50.5576
0.210334208	0.210334208	0.17287221	0.17287221	0.210334208	0.17287221	51.3753
0.205873277	0.205873277	0.16881316	0.16881316	0.205873277	0.16881316	52.2062
0.201508522	0.201508522	0.165059542	0.165059542	0.201508522	0.165059542	53.0506
0.197234703	0.197234703	0.161357979	0.161357979	0.197234703	0.161357979	53.9087
0.193884303	0.193884303	0.157090324	0.157090324	0.193884303	0.157090324	54.7806
0.191624128	0.191624128	0.15420822	0.15420822	0.191624128	0.15420822	55.6667
0.189391452	0.189391452	0.152222104	0.152222104	0.189391452	0.152222104	56.567
0.187183902	0.187183902	0.150960135	0.150960135	0.187183902	0.150960135	57.482
0.185002494	0.185002494	0.150582184	0.150582184	0.185002494	0.150582184	58.4117
0.18207587	0.18207587	0.151768657	0.151768657	0.18207587	0.151768657	59.3564
0.177911808	0.177911808	0.152379041	0.152379041	0.177911808	0.152379041	60.3165
0.173844331	0.173844331	0.152842344	0.152842344	0.173844331	0.152842344	61.2921
0.169869054	0.169869054	0.154015607	0.154015607	0.169869054	0.154015607	62.2834
0.16400116	0.16400116	0.157070543	0.157070543	0.16400116	0.157070543	63.2908
0.15638371	0.15638371	0.157818721	0.157818721	0.15638371	0.157818721	64.3145
0.149021152	0.149021152	0.157558283	0.157558283	0.149021152	0.157558283	65.3547
0.141194638	0.141194638	0.156375018	0.156375018	0.141194638	0.156375018	66.4118
0.133779916	0.133779916	0.154272977	0.154272977	0.133779916	0.154272977	67.4859
0.126753983	0.126753983	0.151492606	0.151492606	0.126753983	0.151492606	68.5775
0.120097524	0.120097524	0.147883352	0.147883352	0.120097524	0.147883352	69.6867
0.115023519	0.115023519	0.143874725	0.143874725	0.115023519	0.143874725	70.8138
0.110530453	0.110530453	0.140498597	0.140498597	0.110530453	0.140498597	71.9591
0.10621353	0.10621353	0.137329786	0.137329786	0.10621353	0.137329786	73.123
0.102248355	0.102248355	0.134066389	0.134066389	0.102248355	0.134066389	74.3057
0.09875908	0.09875908	0.131243779	0.131243779	0.09875908	0.131243779	75.5076
0.095389055	0.095389055	0.128834104	0.128834104	0.095389055	0.128834104	76.7289
0.09173412	0.09173412	0.127022892	0.127022892	0.09173412	0.127022892	77.9699
0.087615322	0.087615322	0.124702974	0.124702974	0.087615322	0.124702974	79.231
0.08368056	0.08368056	0.122051067	0.122051067	0.08368056	0.122051067	80.5125
0.079923187	0.079923187	0.118964977	0.118964977	0.079923187	0.118964977	81.8147
0.077845181	0.077845181	0.114543076	0.114543076	0.077845181	0.114543076	83.138
0.078683002	0.078683002	0.114513555	0.114513555	0.078683002	0.114513555	84.4827
0.074051547	0.074051547	0.115104815	0.115104815	0.074051547	0.115104815	85.8491
0.069604926	0.069604926	0.114411095	0.114411095	0.069604926	0.114411095	87.2377
0.064742496	0.064742496	0.112873021	0.112873021	0.064742496	0.112873021	88.6487
0.060219309	0.060219309	0.110708936	0.110708936	0.060219309	0.110708936	90.0825
0.056012433	0.056012433	0.108326786	0.108326786	0.056012433	0.108326786	91.5395
0.051683956	0.051683956	0.105627328	0.105627328	0.051683956	0.105627328	93.0201
0.047677049	0.047677049	0.102485761	0.102485761	0.047677049	0.102485761	94.5246
0.044315423	0.044315423	0.098952157	0.098952157	0.044315423	0.098952157	96.0535
0.041449182	0.041449182	0.095685217	0.095685217	0.041449182	0.095685217	97.6071
0.03876837	0.03876837	0.092596061	0.092596061	0.03876837	0.092596061	99.1858
0.036260976	0.036260976	0.089620734	0.089620734	0.036260976	0.089620734	100.79
0.033757152	0.033757152	0.086728831	0.086728831	0.033757152	0.086728831	102.42
0.031364103	0.031364103	0.083759453	0.083759453	0.031364103	0.083759453	104.077
0.029141138	0.029141138	0.080751266	0.080751266	0.029141138	0.080751266	105.76
0.027075273	0.027075273	0.07769937	0.07769937	0.027075273	0.07769937	107.471
0.025356764	0.025356764	0.074640306	0.074640306	0.025356764	0.074640306	109.209
0.023830732	0.023830732	0.071778071	0.071778071	0.023830732	0.071778071	110.975
0.022396341	0.022396341	0.069058791	0.069058791	0.022396341	0.069058791	112.77
0.021048274	0.021048274	0.066429151	0.066429151	0.021048274	0.066429151	114.594
0.019781233	0.019781233	0.063867724	0.063867724	0.019781233	0.063867724	116.448
0.018631826	0.018631826	0.061378717	0.061378717	0.018631826	0.061378717	118.331
0.017566487	0.017566487	0.058994667	0.058994667	0.017566487	0.058994667	120.245
0.016562069	0.016562069	0.056697331	0.056697331	0.016562069	0.056697331	122.19
0.015615219	0.015615219	0.054479354	0.054479354	0.015615219	0.054479354	124.166
0.01472222	0.01472222	0.052343504	0.052343504	0.01472222	0.052343504	126.175
0.013823146	0.013823146	0.050366164	0.050366164	0.013823146	0.050366164	128.215
0.012831613	0.012831613	0.048315924	0.048315924	0.012831613	0.048315924	130.289
0.011911103	0.011911103	0.04618435	0.04618435	0.011911103	0.04618435	132.397
0.011151323	0.011151323	0.043924134	0.043924134	0.011151323	0.043924134	134.538
0.010659079	0.010659079	0.04185038	0.04185038	0.010659079	0.04185038	136.714
0.010188584	0.010188584	0.039907717	0.039907717	0.010188584	0.039907717	138.925
0.009738817	0.009738817	0.038041529	0.038041529	0.009738817	0.038041529	141.172
0.009308833	0.009308833	0.036205674	0.036205674	0.009308833	0.036205674	143.456
0.009002652	0.009002652	0.034349748	0.034349748	0.009002652	0.034349748	145.776
0.00880222	0.00880222	0.032645454	0.032645454	0.00880222	0.032645454	148.134
0.00860625	0.00860625	0.0310546	0.0310546	0.00860625	0.0310546	150.53
0.008414759	0.008414759	0.029525102	0.029525102	0.008414759	0.029525102	152.964
0.008227325	0.008227325	0.028030666	0.028030666	0.008227325	0.028030666	155.439
0.008071195	0.008071195	0.026508563	0.026508563	0.008071195	0.026508563	157.953
0.008073911	0.008073911	0.025084299	0.025084299	0.008073911	0.025084299	160.507
0.008076555	0.008076555	0.023760336	0.023760336	0.008076555	0.023760336	163.103
0.00807909	0.00807909	0.022503384	0.022503384	0.00807909	0.022503384	165.742
0.00808179	0.00808179	0.021281472	0.021281472	0.00808179	0.021281472	168.422
0.008150527	0.008150527	0.020010214	0.020010214	0.008150527	0.020010214	171.146
0.008333023	0.008333023	0.018871216	0.018871216	0.008333023	0.018871216	173.915
0.008519766	0.008519766	0.017844683	0.017844683	0.008519766	0.017844683	176.727
0.008710559	0.008710559	0.016889412	0.016889412	0.008710559	0.016889412	179.586
0.008905638	0.008905638	0.015996779	0.015996779	0.008905638	0.015996779	182.491
0.009108485	0.009108485	0.015162632	0.015162632	0.009108485	0.015162632	185.442
0.00931814	0.00931814	0.01438675	0.01438675	0.00931814	0.01438675	188.442
0.009532739	0.009532739	0.013667558	0.013667558	0.009532739	0.013667558	191.489
0.00975212	0.00975212	0.013002452	0.013002452	0.00975212	0.013002452	194.587
0.009976663	0.009976663	0.012394035	0.012394035	0.009976663	0.012394035	197.734
0.010198286	0.010198286	0.011857995	0.011857995	0.010198286	0.011857995	200.932
0.010396954	0.010396954	0.011361827	0.011361827	0.010396954	0.011361827	204.182
0.010599497	0.010599497	0.010906075	0.010906075	0.010599497	0.010906075	207.485
0.010806077	0.010806077	0.010506447	0.010506447	0.010806077	0.010506447	210.84
0.01100927	0.01100927	0.010218872	0.010218872	0.01100927	0.010218872	214.251
0.011082126	0.011082126	0.009944029	0.009944029	0.011082126	0.009944029	217.716
0.011155441	0.011155441	0.009651997	0.009651997	0.011155441	0.009651997	221.237
0.011229098	0.011229098	0.009373638	0.009373638	0.011229098	0.009373638	224.816
0.011303427	0.011303427	0.009119421	0.009119421	0.011303427	0.009119421	228.452
0.011378177	0.011378177	0.008905287	0.008905287	0.011378177	0.008905287	232.147
0.011404577	0.011404577	0.008728911	0.008728911	0.011404577	0.008728911	235.902
0.011408373	0.011408373	0.008547829	0.008547829	0.011408373	0.008547829	239.717
0.011411981	0.011411981	0.008368952	0.008368952	0.011411981	0.008368952	243.595
0.011415723	0.011415723	0.008207826	0.008207826	0.011415723	0.008207826	247.535
0.011419494	0.011419494	0.00808661	0.00808661	0.011419494	0.00808661	251.538
0.011370918	0.011370918	0.007976333	0.007976333	0.011370918	0.007976333	255.607
0.011317305	0.011317305	0.007858386	0.007858386	0.011317305	0.007858386	259.741
0.011263941	0.011263941	0.007747083	0.007747083	0.011263941	0.007747083	263.942
0.011210854	0.011210854	0.007649857	0.007649857	0.011210854	0.007649857	268.211
0.011158004	0.011158004	0.00758	0.00758	0.011158004	0.00758	272.549
0.011057983	0.011057983	0.007550459	0.007550459	0.011057983	0.007550459	276.957
0.010918556	0.010918556	0.00749351	0.00749351	0.010918556	0.00749351	281.437
0.010780917	0.010780917	0.00741468	0.00741468	0.010780917	0.00741468	285.989
0.010644956	0.010644956	0.007332823	0.007332823	0.010644956	0.007332823	290.615
0.010510816	0.010510816	0.007251168	0.007251168	0.010510816	0.007251168	295.315
0.010378269	0.010378269	0.007172559	0.007172559	0.010378269	0.007172559	300.092
0.010247471	0.010247471	0.007099995	0.007099995	0.010247471	0.007099995	304.945
0.010118235	0.010118235	0.007041273	0.007041273	0.010118235	0.007041273	309.878
0.009964559	0.009964559	0.006988965	0.006988965	0.009964559	0.006988965	314.89
0.00980597	0.00980597	0.006928283	0.006928283	0.00980597	0.006928283	319.983
0.009649903	0.009649903	0.006862511	0.006862511	0.009649903	0.006862511	325.158
0.009496261	0.009496261	0.006797783	0.006797783	0.009496261	0.006797783	330.418
0.009345143	0.009345143	0.006736111	0.006736111	0.009345143	0.006736111	335.762
0.009196433	0.009196433	0.006679914	0.006679914	0.009196433	0.006679914	341.192
0.009050006	0.009050006	0.006632949	0.006632949	0.009050006	0.006632949	346.711
0.008904717	0.008904717	0.006611324	0.006611324	0.008904717	0.006611324	352.319
0.008708501	0.008708501	0.006581465	0.006581465	0.008708501	0.006581465	358.017
0.008516609	0.008516609	0.006534846	0.006534846	0.008516609	0.006534846	363.808
0.008328944	0.008328944	0.006478286	0.006478286	0.008328944	0.006478286	369.692
0.008145401	0.008145401	0.006417985	0.006417985	0.008145401	0.006417985	375.672
0.007965947	0.007965947	0.006356126	0.006356126	0.007965947	0.006356126	381.748
0.007790436	0.007790436	0.006294578	0.006294578	0.007790436	0.006294578	387.922
0.007618747	0.007618747	0.006235565	0.006235565	0.007618747	0.006235565	394.197
0.007450853	0.007450853	0.006185527	0.006185527	0.007450853	0.006185527	400.573
0.007263911	0.007263911	0.006141332	0.006141332	0.007263911	0.006141332	407.052
0.007070754	0.007070754	0.006084228	0.006084228	0.007070754	0.006084228	413.635
0.006882649	0.006882649	0.006016293	0.006016293	0.006882649	0.006016293	420.326
0.006699602	0.006699602	0.00594457	0.00594457	0.006699602	0.00594457	427.124
0.006521412	0.006521412	0.00587064	0.00587064	0.006521412	0.00587064	434.032
0.006347943	0.006347943	0.005795756	0.005795756	0.006347943	0.005795756	441.052
0.006179109	0.006179109	0.005723297	0.005723297	0.006179109	0.005723297	448.186
0.006008074	0.006008074	0.005653135	0.005653135	0.006008074	0.005653135	455.435
0.005835487	0.005835487	0.005576637	0.005576637	0.005835487	0.005576637	462.802
0.005667895	0.005667895	0.005496184	0.005496184	0.005667895	0.005496184	470.287
0.005505104	0.005505104	0.005413692	0.005413692	0.005505104	0.005413692	477.894
0.005346983	0.005346983	0.005330105	0.005330105	0.005346983	0.005330105	485.623
0.005193409	0.005193409	0.005245969	0.005245969	0.005193409	0.005245969	493.478
0.005044259	0.005044259	0.005161766	0.005161766	0.005044259	0.005161766	501.459
0.004899365	0.004899365	0.005078483	0.005078483	0.004899365	0.005078483	509.57
0.004757026	0.004757026	0.004995526	0.004995526	0.004757026	0.004995526	517.812
0.004618312	0.004618312	0.004912108	0.004912108	0.004618312	0.004912108	526.187
0.004483621	0.004483621	0.004828875	0.004828875	0.004483621	0.004828875	534.698
0.004352871	0.004352871	0.004746247	0.004746247	0.004352871	0.004746247	543.346
0.004225934	0.004225934	0.004664532	0.004664532	0.004225934	0.004664532	552.134
0.004102689	0.004102689	0.004584085	0.004584085	0.004102689	0.004584085	561.065
0.003982499	0.003982499	0.004506117	0.004506117	0.003982499	0.004506117	570.139
0.003863507	0.003863507	0.004428121	0.004428121	0.003863507	0.004428121	579.361
0.003748085	0.003748085	0.00435041	0.00435041	0.003748085	0.00435041	588.732
0.003636108	0.003636108	0.004273611	0.004273611	0.003636108	0.004273611	598.254
0.003527476	0.003527476	0.004198086	0.004198086	0.003527476	0.004198086	607.93
0.003422086	0.003422086	0.004124176	0.004124176	0.003422086	0.004124176	617.763
0.003319845	0.003319845	0.004052278	0.004052278	0.003319845	0.004052278	627.755
0.003220666	0.003220666	0.003983106	0.003983106	0.003220666	0.003983106	637.908
0.003124443	0.003124443	0.003918947	0.003918947	0.003124443	0.003918947	648.226
0.003021911	0.003021911	0.003860682	0.003860682	0.003021911	0.003860682	658.711
0.002915032	0.002915032	0.003797135	0.003797135	0.002915032	0.003797135	669.365
0.002811948	0.002811948	0.003728206	0.003728206	0.002811948	0.003728206	680.191
0.002712488	0.002712488	0.003658029	0.003658029	0.002712488	0.003658029	691.193
0.002616565	0.002616565	0.003587274	0.003587274	0.002616565	0.003587274	702.372
0.002524021	0.002524021	0.003516384	0.003516384	0.002524021	0.003516384	713.733
0.00243476	0.00243476	0.003445256	0.003445256	0.00243476	0.003445256	725.277
0.00234963	0.00234963	0.00337491	0.00337491	0.00234963	0.00337491	737.008
0.002267516	0.002267516	0.003305872	0.003305872	0.002267516	0.003305872	748.928
0.002188268	0.002188268	0.003238058	0.003238058	0.002188268	0.003238058	761.042
0.00211179	0.00211179	0.003171629	0.003171629	0.00211179	0.003171629	773.351
0.002037989	0.002037989	0.003106687	0.003106687	0.002037989	0.003106687	785.859
0.001966747	0.001966747	0.003045745	0.003045745	0.001966747	0.003045745	798.57
0.001893122	0.001893122	0.002984972	0.002984972	0.001893122	0.002984972	811.486
0.001822249	0.001822249	0.002923143	0.002923143	0.001822249	0.002923143	824.611
0.001754029	0.001754029	0.00286188	0.00286188	0.001754029	0.00286188	837.949
0.00168837	0.00168837	0.002801713	0.002801713	0.00168837	0.002801713	851.502
0.001625167	0.001625167	0.002742858	0.002742858	0.001625167	0.002742858	865.274
0.00156403	0.00156403	0.002689563	0.002689563	0.00156403	0.002689563	879.269
0.001497647	0.001497647	0.002635222	0.002635222	0.001497647	0.002635222	893.491
0.001434082	0.001434082	0.00257797	0.00257797	0.001434082	0.00257797	907.943
0.001373218	0.001373218	0.002520503	0.002520503	0.001373218	0.002520503	922.628
0.001314934	0.001314934	0.002463476	0.002463476	0.001314934	0.002463476	937.551
0.001259126	0.001259126	0.002407763	0.002407763	0.001259126	0.002407763	952.715
0.001203723	0.001203723	0.002353104	0.002353104	0.001203723	0.002353104	968.124
0.001149769	0.001149769	0.002298256	0.002298256	0.001149769	0.002298256	983.783
0.001098235	0.001098235	0.00224349	0.00224349	0.001098235	0.00224349	999.695
0.001049016	0.001049016	0.00218962	0.00218962	0.001049016	0.00218962	1015.86
0.001002003	0.001002003	0.002139097	0.002139097	0.001002003	0.002139097	1032.29
0.00095248	0.00095248	0.002089585	0.002089585	0.00095248	0.002089585	1048.99
0.000903056	0.000903056	0.002037552	0.002037552	0.000903056	0.002037552	1065.96
0.000856202	0.000856202	0.001984451	0.001984451	0.000856202	0.001984451	1083.2
0.000811778	0.000811778	0.001931182	0.001931182	0.000811778	0.001931182	1100.72
0.000769664	0.000769664	0.001878153	0.001878153	0.000769664	0.001878153	1118.52
0.000729733	0.000729733	0.001825566	0.001825566	0.000729733	0.001825566	1136.61
0.000691847	0.000691847	0.001773548	0.001773548	0.000691847	0.001773548	1155
0.000655933	0.000655933	0.00172221	0.00172221	0.000655933	0.00172221	1173.68
0.000621887	0.000621887	0.00167159	0.00167159	0.000621887	0.00167159	1192.66
0.000589605	0.000589605	0.0016215	0.0016215	0.000589605	0.0016215	1211.95
0.000559498	0.000559498	0.001571559	0.001571559	0.000559498	0.001571559	1231.55
0.000532574	0.000532574	0.001523494	0.001523494	0.000532574	0.001523494	1251.47
0.000506938	0.000506938	0.001477349	0.001477349	0.000506938	0.001477349	1271.72
0.000482542	0.000482542	0.001432813	0.001432813	0.000482542	0.001432813	1292.29
0.000459325	0.000459325	0.001390161	0.001390161	0.000459325	0.001390161	1313.19
0.00043579	0.00043579	0.001348526	0.001348526	0.00043579	0.001348526	1334.43
0.000413209	0.000413209	0.001307365	0.001307365	0.000413209	0.001307365	1356.01
0.000391801	0.000391801	0.001266788	0.001266788	0.000391801	0.001266788	1377.94
0.000371496	0.000371496	0.001227054	0.001227054	0.000371496	0.001227054	1400.23
0.000352246	0.000352246	0.001187627	0.001187627	0.000352246	0.001187627	1422.88
0.000335168	0.000335168	0.001149489	0.001149489	0.000335168	0.001149489	1445.89
0.000319062	0.000319062	0.001113353	0.001113353	0.000319062	0.001113353	1469.28
0.000303689	0.000303689	0.001079874	0.001079874	0.000303689	0.001079874	1493.04
0.000285255	0.000285255	0.001046434	0.001046434	0.000285255	0.001046434	1517.19
0.000267861	0.000267861	0.001011898	0.001011898	0.000267861	0.001011898	1541.73
0.000252156	0.000252156	0.000976551	0.000976551	0.000252156	0.000976551	1566.67
0.000239054	0.000239054	0.000942254	0.000942254	0.000239054	0.000942254	1592.01
0.000226768	0.000226768	0.000909755	0.000909755	0.000226768	0.000909755	1617.76
0.000215007	0.000215007	0.000878663	0.000878663	0.000215007	0.000878663	1643.92
0.000202727	0.000202727	0.000847701	0.000847701	0.000202727	0.000847701	1670.51
0.000191749	0.000191749	0.000816741	0.000816741	0.000191749	0.000816741	1697.53
0.000182175	0.000182175	0.00078718	0.00078718	0.000182175	0.00078718	1724.99
0.00017233	0.00017233	0.000758139	0.000758139	0.00017233	0.000758139	1752.89
0.000164092	0.000164092	0.000729326	0.000729326	0.000164092	0.000729326	1781.24
0.00015687	0.00015687	0.000702471	0.000702471	0.00015687	0.000702471	1810.05
0.000148424	0.000148424	0.00067603	0.00067603	0.000148424	0.00067603	1839.32
0.00014099	0.00014099	0.000649371	0.000649371	0.00014099	0.000649371	1869.07
0.000134665	0.000134665	0.000624133	0.000624133	0.000134665	0.000624133	1899.3
0.000127577	0.000127577	0.000599632	0.000599632	0.000127577	0.000599632	1930.02
0.000120284	0.000120284	0.000574382	0.000574382	0.000120284	0.000574382	1961.24
0.000114039	0.000114039	0.000548937	0.000548937	0.000114039	0.000548937	1992.96
0.000108305	0.000108305	0.000523853	0.000523853	0.000108305	0.000523853	2025.2
0.000102528	0.000102528	0.00049851	0.00049851	0.000102528	0.00049851	2057.95
9.68803E-05	9.68803E-05	0.00047224	0.00047224	9.68803E-05	0.00047224	2091.24
9.14143E-05	9.14143E-05	0.000444275	0.000444275	9.14143E-05	0.000444275	2125.06
8.63096E-05	8.63096E-05	0.000413227	0.000413227	8.63096E-05	0.000413227	2159.43
0.000081268	0.000081268	0.000375677	0.000375677	0.000081268	0.000375677	2194.36
9.68247E-05	9.68247E-05	0.000311231	0.000311231	9.68247E-05	0.000311231	2229.85
0.00017052	0.00017052	0.000298933	0.000298933	0.00017052	0.000298933	2265.92
0.000174482	0.000174482	0.000290866	0.000290866	0.000174482	0.000290866	2302.57
0.000224169	0.000224169	0.000293665	0.000293665	0.000224169	0.000293665	2339.81
0.000229544	0.000229544	0.000320741	0.000320741	0.000229544	0.000320741	2377.66
0.000225358	0.000225358	0.000336796	0.000336796	0.000225358	0.000336796	2416.11
0.000216644	0.000216644	0.000341077	0.000341077	0.000216644	0.000341077	2455.19
0.000209203	0.000209203	0.000342269	0.000342269	0.000209203	0.000342269	2494.9
0.000200972	0.000200972	0.000341857	0.000341857	0.000200972	0.000341857	2535.26
0.000191553	0.000191553	0.000338869	0.000338869	0.000191553	0.000338869	2576.26
0.000183004	0.000183004	0.000332067	0.000332067	0.000183004	0.000332067	2617.93
0.000177882	0.000177882	0.000326306	0.000326306	0.000177882	0.000326306	2660.27
0.000169809	0.000169809	0.000313871	0.000313871	0.000169809	0.000313871	2703.3
0.000177577	0.000177577	0.000304352	0.000304352	0.000177577	0.000304352	2747.03
0.000177323	0.000177323	0.000307627	0.000307627	0.000177323	0.000307627	2791.46
0.000169245	0.000169245	0.000309085	0.000309085	0.000169245	0.000309085	2836.61
0.000162164	0.000162164	0.000306103	0.000306103	0.000162164	0.000306103	2882.49
0.000154914	0.000154914	0.000302824	0.000302824	0.000154914	0.000302824	2929.11
0.000147054	0.000147054	0.000298128	0.000298128	0.000147054	0.000298128	2976.48
0.000139828	0.000139828	0.000292431	0.000292431	0.000139828	0.000292431	3024.63
0.000133117	0.000133117	0.000286354	0.000286354	0.000133117	0.000286354	3073.55
0.000126445	0.000126445	0.000278775	0.000278775	0.000126445	0.000278775	3123.26
0.000123632	0.000123632	0.000271858	0.000271858	0.000123632	0.000271858	3173.78
0.000120456	0.000120456	0.000267699	0.000267699	0.000120456	0.000267699	3225.11
0.000114349	0.000114349	0.000263445	0.000263445	0.000114349	0.000263445	3277.27
0.000108691	0.000108691	0.000258091	0.000258091	0.000108691	0.000258091	3330.28
0.000103246	0.000103246	0.000251791	0.000251791	0.000103246	0.000251791	3384.15
9.93797E-05	9.93797E-05	0.000245421	0.000245421	9.93797E-05	0.000245421	3438.88
9.57407E-05	9.57407E-05	0.000241193	0.000241193	9.57407E-05	0.000241193	3494.5
9.01797E-05	9.01797E-05	0.000236725	0.000236725	9.01797E-05	0.000236725	3551.02
8.53246E-05	8.53246E-05	0.000230915	0.000230915	8.53246E-05	0.000230915	3608.46
8.08357E-05	8.08357E-05	0.000225198	0.000225198	8.08357E-05	0.000225198	3666.82
7.66164E-05	7.66164E-05	0.00021952	0.00021952	7.66164E-05	0.00021952	3726.13
7.26614E-05	7.26614E-05	0.000213938	0.000213938	7.26614E-05	0.000213938	3786.4
6.87741E-05	6.87741E-05	0.000208425	0.000208425	6.87741E-05	0.000208425	3847.64
6.50869E-05	6.50869E-05	0.000202908	0.000202908	6.50869E-05	0.000202908	3909.87
6.16128E-05	6.16128E-05	0.000197446	0.000197446	6.16128E-05	0.000197446	3973.11
0.000058327	0.000058327	0.000192098	0.000192098	0.000058327	0.000192098	4037.38
5.51324E-05	5.51324E-05	0.000186805	0.000186805	5.51324E-05	0.000186805	4102.68
5.21879E-05	5.21879E-05	0.000181722	0.000181722	5.21879E-05	0.000181722	4169.03
4.89536E-05	4.89536E-05	0.000176302	0.000176302	4.89536E-05	0.000176302	4236.46
4.67296E-05	4.67296E-05	0.000171	0.000171	4.67296E-05	0.000171	4304.98
4.41827E-05	4.41827E-05	0.000166212	0.000166212	4.41827E-05	0.000166212	4374.62
4.18647E-05	4.18647E-05	0.0001614	0.0001614	4.18647E-05	0.0001614	4445.37
0.000039595	0.000039595	0.00015672	0.00015672	0.000039595	0.00015672	4517.27
3.74664E-05	3.74664E-05	0.000152116	0.000152116	3.74664E-05	0.000152116	4590.33
3.54342E-05	3.54342E-05	0.000147618	0.000147618	3.54342E-05	0.000147618	4664.58
3.35162E-05	3.35162E-05	0.000143213	0.000143213	3.35162E-05	0.000143213	4740.03
0.000031706	0.000031706	0.000138902	0.000138902	0.000031706	0.000138902	4816.69
0.000030022	0.000030022	0.000134705	0.000134705	0.000030022	0.000134705	4894.6
2.84163E-05	2.84163E-05	0.000130605	0.000130605	2.84163E-05	0.000130605	4973.77
0.000026958	0.000026958	0.000126625	0.000126625	0.000026958	0.000126625	5054.21
2.55463E-05	2.55463E-05	0.00012282	0.00012282	2.55463E-05	0.00012282	5135.96
2.41375E-05	2.41375E-05	0.000119033	0.000119033	2.41375E-05	0.000119033	5219.03
2.30574E-05	2.30574E-05	0.000115466	0.000115466	2.30574E-05	0.000115466	5303.44
2.17003E-05	2.17003E-05	0.000112078	0.000112078	2.17003E-05	0.000112078	5389.22
0.000020508	0.000020508	0.000108605	0.000108605	0.000020508	0.000108605	5476.39
1.93823E-05	1.93823E-05	0.000105257	0.000105257	1.93823E-05	0.000105257	5564.97
1.83266E-05	1.83266E-05	0.000101998	0.000101998	1.83266E-05	0.000101998	5654.98
0.000017335	0.000017335	0.000098823	0.000098823	0.000017335	0.000098823	5746.44
1.64313E-05	1.64313E-05	9.57889E-05	9.57889E-05	1.64313E-05	9.57889E-05	5839.39
1.54593E-05	1.54593E-05	9.28396E-05	9.28396E-05	1.54593E-05	9.28396E-05	5933.83
1.46666E-05	1.46666E-05	8.99382E-05	8.99382E-05	1.46666E-05	8.99382E-05	6029.81
1.38394E-05	1.38394E-05	8.71519E-05	8.71519E-05	1.38394E-05	8.71519E-05	6127.33
1.30607E-05	1.30607E-05	8.44171E-05	8.44171E-05	1.30607E-05	8.44171E-05	6226.44
1.23294E-05	1.23294E-05	8.17614E-05	8.17614E-05	1.23294E-05	8.17614E-05	6327.15
1.16385E-05	1.16385E-05	7.91845E-05	7.91845E-05	1.16385E-05	7.91845E-05	6429.48
1.09854E-05	1.09854E-05	7.66817E-05	7.66817E-05	1.09854E-05	7.66817E-05	6533.48
1.03685E-05	1.03685E-05	7.42522E-05	7.42522E-05	1.03685E-05	7.42522E-05	6639.15
9.78551E-06	9.78551E-06	0.000071894	0.000071894	9.78551E-06	0.000071894	6746.54
9.23509E-06	9.23509E-06	6.96059E-05	6.96059E-05	9.23509E-06	6.96059E-05	6855.65
8.71507E-06	8.71507E-06	6.73856E-05	6.73856E-05	8.71507E-06	6.73856E-05	6966.54
8.22398E-06	8.22398E-06	6.52318E-05	6.52318E-05	8.22398E-06	6.52318E-05	7079.22
7.76002E-06	7.76002E-06	6.31426E-05	6.31426E-05	7.76002E-06	6.31426E-05	7193.72
7.32215E-06	7.32215E-06	6.11161E-05	6.11161E-05	7.32215E-06	6.11161E-05	7310.07
6.90888E-06	6.90888E-06	5.91509E-05	5.91509E-05	6.90888E-06	5.91509E-05	7428.31
6.51871E-06	6.51871E-06	5.72456E-05	5.72456E-05	6.51871E-06	5.72456E-05	7548.45
6.15016E-06	6.15016E-06	5.53981E-05	5.53981E-05	6.15016E-06	5.53981E-05	7670.54
5.80244E-06	5.80244E-06	5.36065E-05	5.36065E-05	5.80244E-06	5.36065E-05	7794.61
5.47435E-06	5.47435E-06	5.18697E-05	5.18697E-05	5.47435E-06	5.18697E-05	7920.68
5.16476E-06	5.16476E-06	5.01861E-05	5.01861E-05	5.16476E-06	5.01861E-05	8048.79
4.8726E-06	4.8726E-06	4.85539E-05	4.85539E-05	4.8726E-06	4.85539E-05	8178.98
4.5969E-06	4.5969E-06	4.69718E-05	4.69718E-05	4.5969E-06	4.69718E-05	8311.26
4.33669E-06	4.33669E-06	4.54379E-05	4.54379E-05	4.33669E-06	4.54379E-05	8445.69
4.09122E-06	4.09122E-06	4.39509E-05	4.39509E-05	4.09122E-06	4.39509E-05	8582.29
3.85967E-06	3.85967E-06	4.25092E-05	4.25092E-05	3.85967E-06	4.25092E-05	8721.11
3.64132E-06	3.64132E-06	4.11114E-05	4.11114E-05	3.64132E-06	4.11114E-05	8862.16
3.43542E-06	3.43542E-06	3.97561E-05	3.97561E-05	3.43542E-06	3.97561E-05	9005.5
3.24117E-06	3.24117E-06	3.84418E-05	3.84418E-05	3.24117E-06	3.84418E-05	9151.16
3.05796E-06	3.05796E-06	3.71671E-05	3.71671E-05	3.05796E-06	3.71671E-05	9299.17
2.88511E-06	2.88511E-06	3.59303E-05	3.59303E-05	2.88511E-06	3.59303E-05	9449.58
2.72206E-06	2.72206E-06	3.47301E-05	3.47301E-05	2.72206E-06	3.47301E-05	9602.42
2.56831E-06	2.56831E-06	3.35649E-05	3.35649E-05	2.56831E-06	3.35649E-05	9757.73
2.42331E-06	2.42331E-06	3.24331E-05	3.24331E-05	2.42331E-06	3.24331E-05	9915.55
2.28664E-06	2.28664E-06	3.13331E-05	3.13331E-05	2.28664E-06	3.13331E-05	10075.9
2.15775E-06	2.15775E-06	3.02627E-05	3.02627E-05	2.15775E-06	3.02627E-05	10238.9
2.03622E-06	2.03622E-06	2.92203E-05	2.92203E-05	2.03622E-06	2.92203E-05	10404.5
1.92162E-06	1.92162E-06	2.82032E-05	2.82032E-05	1.92162E-06	2.82032E-05	10572.8
1.81357E-06	1.81357E-06	2.72085E-05	2.72085E-05	1.81357E-06	2.72085E-05	10743.8
1.71168E-06	1.71168E-06	2.62317E-05	2.62317E-05	1.71168E-06	2.62317E-05	10917.6
1.61562E-06	1.61562E-06	2.52671E-05	2.52671E-05	1.61562E-06	2.52671E-05	11094.2
1.52505E-06	1.52505E-06	2.43047E-05	2.43047E-05	1.52505E-06	2.43047E-05	11273.6
1.43966E-06	1.43966E-06	2.33241E-05	2.33241E-05	1.43966E-06	2.33241E-05	11455.9
1.35914E-06	1.35914E-06	2.22729E-05	2.22729E-05	1.35914E-06	2.22729E-05	11641.2
1.28321E-06	1.28321E-06	2.08975E-05	2.08975E-05	1.28321E-06	2.08975E-05	11829.5
1.24918E-06	1.24918E-06	1.65655E-05	1.65655E-05	1.24918E-06	1.65655E-05	11918.6
3.11547E-06	3.11547E-06	1.65651E-05	1.65651E-05	3.11547E-06	1.65651E-05	11918.8
3.01821E-06	3.01821E-06	2.03506E-05	2.03506E-05	3.01821E-06	2.03506E-05	12020.8
2.84326E-06	2.84326E-06	2.03091E-05	2.03091E-05	2.84326E-06	2.03091E-05	12215.3
2.67851E-06	2.67851E-06	1.99279E-05	1.99279E-05	2.67851E-06	1.99279E-05	12412.8
2.52327E-06	2.52327E-06	1.94455E-05	1.94455E-05	2.52327E-06	1.94455E-05	12613.6
2.37704E-06	2.37704E-06	1.89156E-05	1.89156E-05	2.37704E-06	1.89156E-05	12817.6
2.23925E-06	2.23925E-06	1.83555E-05	1.83555E-05	2.23925E-06	1.83555E-05	13025
2.1095E-06	2.1095E-06	1.77679E-05	1.77679E-05	2.1095E-06	1.77679E-05	13235.6
1.98725E-06	1.98725E-06	1.71329E-05	1.71329E-05	1.98725E-06	1.71329E-05	13449.7
1.87209E-06	1.87209E-06	1.63002E-05	1.63002E-05	1.87209E-06	1.63002E-05	13667.2
1.83869E-06	1.83869E-06	1.46544E-05	1.46544E-05	1.83869E-06	1.46544E-05	13733.5
2.56457E-06	2.56457E-06	0.000014654	0.000014654	2.56457E-06	0.000014654	13733.7
2.46144E-06	2.46144E-06	1.60095E-05	1.60095E-05	2.46144E-06	1.60095E-05	13888.3
2.32081E-06	2.32081E-06	1.56957E-05	1.56957E-05	2.32081E-06	1.56957E-05	14112.9
2.18818E-06	2.18818E-06	1.50316E-05	1.50316E-05	2.18818E-06	1.50316E-05	14341.2
2.18175E-06	2.18175E-06	0.000014592	0.000014592	2.18175E-06	0.000014592	14352.7
2.50767E-06	2.50767E-06	1.45919E-05	1.45919E-05	2.50767E-06	1.45919E-05	14352.9
2.37864E-06	2.37864E-06	1.49533E-05	1.49533E-05	2.37864E-06	1.49533E-05	14573.1
2.24982E-06	2.24982E-06	0.000014635	0.000014635	2.24982E-06	0.000014635	14808.9
2.12767E-06	2.12767E-06	1.42809E-05	1.42809E-05	2.12767E-06	1.42809E-05	15048.4
2.01182E-06	2.01182E-06	1.39144E-05	1.39144E-05	2.01182E-06	1.39144E-05	15291.8
1.90201E-06	1.90201E-06	1.35442E-05	1.35442E-05	1.90201E-06	1.35442E-05	15539.1
1.7979E-06	1.7979E-06	1.31745E-05	1.31745E-05	1.7979E-06	1.31745E-05	15790.4
1.69926E-06	1.69926E-06	1.28078E-05	1.28078E-05	1.69926E-06	1.28078E-05	16045.8
1.60578E-06	1.60578E-06	1.24458E-05	1.24458E-05	1.60578E-06	1.24458E-05	16305.4
1.51727E-06	1.51727E-06	1.20896E-05	1.20896E-05	1.51727E-06	1.20896E-05	16569.1
1.43344E-06	1.43344E-06	0.00001174	0.00001174	1.43344E-06	0.00001174	16837.1
1.35407E-06	1.35407E-06	1.13975E-05	1.13975E-05	1.35407E-06	1.13975E-05	17109.4
1.27895E-06	1.27895E-06	1.10623E-05	1.10623E-05	1.27895E-06	1.10623E-05	17386.1
1.20783E-06	1.20783E-06	1.07346E-05	1.07346E-05	1.20783E-06	1.07346E-05	17667.4
1.14056E-06	1.14056E-06	1.04149E-05	1.04149E-05	1.14056E-06	1.04149E-05	17953.1
1.07691E-06	1.07691E-06	1.01029E-05	1.01029E-05	1.07691E-06	1.01029E-05	18243.5
1.0167E-06	1.0167E-06	9.79878E-06	9.79878E-06	1.0167E-06	9.79878E-06	18538.6
9.5977E-07	9.5977E-07	9.50258E-06	9.50258E-06	9.5977E-07	9.50258E-06	18838.4
9.0593E-07	9.0593E-07	9.21415E-06	9.21415E-06	9.0593E-07	9.21415E-06	19143.1
8.5503E-07	8.5503E-07	8.93348E-06	8.93348E-06	8.5503E-07	8.93348E-06	19452.7
8.06906E-07	8.06906E-07	8.66036E-06	8.66036E-06	8.06906E-07	8.66036E-06	19767.4
7.6143E-07	7.6143E-07	8.39487E-06	8.39487E-06	7.6143E-07	8.39487E-06	20087.1
7.18452E-07	7.18452E-07	8.13677E-06	8.13677E-06	7.18452E-07	8.13677E-06	20412
6.77846E-07	6.77846E-07	7.88599E-06	7.88599E-06	6.77846E-07	7.88599E-06	20742.1
6.39479E-07	6.39479E-07	7.64232E-06	7.64232E-06	6.39479E-07	7.64232E-06	21077.6
6.03239E-07	6.03239E-07	7.40567E-06	7.40567E-06	6.03239E-07	7.40567E-06	21418.5
5.69003E-07	5.69003E-07	7.17582E-06	7.17582E-06	5.69003E-07	7.17582E-06	21765
5.36676E-07	5.36676E-07	6.95275E-06	6.95275E-06	5.36676E-07	6.95275E-06	22117
5.0615E-07	5.0615E-07	6.73622E-06	6.73622E-06	5.0615E-07	6.73622E-06	22474.7
4.77325E-07	4.77325E-07	6.52608E-06	6.52608E-06	4.77325E-07	6.52608E-06	22838.2
4.50113E-07	4.50113E-07	6.32217E-06	6.32217E-06	4.50113E-07	6.32217E-06	23207.6
4.24422E-07	4.24422E-07	6.12435E-06	6.12435E-06	4.24422E-07	6.12435E-06	23583
4.00176E-07	4.00176E-07	5.93248E-06	5.93248E-06	4.00176E-07	5.93248E-06	23964.4
3.77291E-07	3.77291E-07	5.74638E-06	5.74638E-06	3.77291E-07	5.74638E-06	24352
3.55693E-07	3.55693E-07	5.56591E-06	5.56591E-06	3.55693E-07	5.56591E-06	24745.9
3.35312E-07	3.35312E-07	5.39089E-06	5.39089E-06	3.35312E-07	5.39089E-06	25146.2
3.16085E-07	3.16085E-07	5.22123E-06	5.22123E-06	3.16085E-07	5.22123E-06	25552.9
2.97943E-07	2.97943E-07	5.05676E-06	5.05676E-06	2.97943E-07	5.05676E-06	25966.2
2.8083E-07	2.8083E-07	4.89735E-06	4.89735E-06	2.8083E-07	4.89735E-06	26386.1
2.64685E-07	2.64685E-07	4.74281E-06	4.74281E-06	2.64685E-07	4.74281E-06	26812.9
2.49457E-07	2.49457E-07	4.59302E-06	4.59302E-06	2.49457E-07	4.59302E-06	27246.6
2.35095E-07	2.35095E-07	4.44787E-06	4.44787E-06	2.35095E-07	4.44787E-06	27687.3
2.2155E-07	2.2155E-07	4.30722E-06	4.30722E-06	2.2155E-07	4.30722E-06	28135.1
2.08776E-07	2.08776E-07	4.17093E-06	4.17093E-06	2.08776E-07	4.17093E-06	28590.2
1.96732E-07	1.96732E-07	4.03892E-06	4.03892E-06	1.96732E-07	4.03892E-06	29052.6
1.85375E-07	1.85375E-07	3.9115E-06	3.9115E-06	1.85375E-07	3.9115E-06	29522.5
1.74668E-07	1.74668E-07	3.78548E-06	3.78548E-06	1.74668E-07	3.78548E-06	30000
