Energy	DeltaPara	BetaPara	DeltaPerp	BetaPerp
1.000000000000000000e+01	-2.392426698275008090e-01	3.324366808056026246e-01	-2.553798319150987206e-01	3.324366808056026246e-01
1.016169999999999973e+01	-2.582726796299806837e-01	3.383170070045070643e-01	-2.739009365449859290e-01	3.383170070045070643e-01
1.032610000000000028e+01	-2.001335106311099565e-01	3.442875680960710838e-01	-2.152686798740669205e-01	3.442875680960710838e-01
1.049310000000000009e+01	-1.711077325958473838e-01	3.503879632011376311e-01	-1.857655566081812815e-01	3.503879632011376311e-01
1.066280000000000072e+01	-1.536426511014571672e-01	3.566164247629612927e-01	-1.678382053264152740e-01	3.566164247629612927e-01
1.083530000000000015e+01	-1.423842401712018535e-01	3.632730219573395147e-01	-1.561319810462415414e-01	3.632730219573395147e-01
1.101060000000000016e+01	-1.344540344160885248e-01	3.709481406872008336e-01	-1.477680844790834058e-01	3.709481406872008336e-01
1.118859999999999921e+01	-1.284817356513399678e-01	3.788270688118533513e-01	-1.413761078893522316e-01	3.788270688118533513e-01
1.136960000000000015e+01	-1.239414287304533430e-01	3.875925996045154198e-01	-1.364291018263270316e-01	3.875925996045154198e-01
1.155349999999999966e+01	-1.193338034382984830e-01	3.980382982059213481e-01	-1.314276820626389952e-01	3.980382982059213481e-01
1.174039999999999928e+01	-1.136105720199428321e-01	4.088042037133017836e-01	-1.253230419712178245e-01	4.088042037133017836e-01
1.193030000000000079e+01	-1.057717215331999555e-01	4.199382175684012175e-01	-1.171148743458074043e-01	4.199382175684012175e-01
1.212320000000000064e+01	-9.694852870809997358e-02	4.277574358778772901e-01	-1.079341576224775029e-01	4.277574358778772901e-01
1.231930000000000014e+01	-8.883381507129524401e-02	4.348499568621715938e-01	-9.947306751998651053e-02	4.348499568621715938e-01
1.251859999999999928e+01	-8.069088771296305251e-02	4.418398338166885653e-01	-9.099465735882222850e-02	4.418398338166885653e-01
1.272100000000000009e+01	-7.145528164583213326e-02	4.488274601399210861e-01	-8.143436007976055657e-02	4.488274601399210861e-01
1.292680000000000007e+01	-6.183815362590047021e-02	4.535676266361495235e-01	-7.150260040171539655e-02	4.535676266361495235e-01
1.313589999999999947e+01	-5.246701049502461300e-02	4.583709540176350572e-01	-6.182680592215317877e-02	4.583709540176350572e-01
1.334830000000000005e+01	-4.133591150206472609e-02	4.633845017700856106e-01	-5.040078907016649207e-02	4.633845017700856106e-01
1.356419999999999959e+01	-2.980639750177438430e-02	4.642965421629781098e-01	-3.858558340545803489e-02	4.642965421629781098e-01
1.378359999999999985e+01	-1.987278784149069596e-02	4.645116763279960037e-01	-2.837529463209877492e-02	4.645116763279960037e-01
1.400660000000000061e+01	-1.053696310657171141e-02	4.647710581401154895e-01	-1.877146873494833085e-02	4.647710581401154895e-01
1.423310000000000031e+01	-9.363217054018115569e-04	4.650859195363414855e-01	-8.911412617269758377e-03	4.650859195363414855e-01
1.446330000000000027e+01	9.571355823928632059e-03	4.647577684537428921e-01	1.847528511078405265e-03	4.647577684537428921e-01
1.469730000000000025e+01	2.045783159041378307e-02	4.622250921782135591e-01	1.297741117310157420e-02	4.622250921782135591e-01
1.493500000000000050e+01	2.981565356676527459e-02	4.572084068227335041e-01	2.257086786459107028e-02	4.572084068227335041e-01
1.517650000000000077e+01	3.721397811271979356e-02	4.522761182944996516e-01	3.019734528311439348e-02	4.522761182944996516e-01
1.542200000000000060e+01	4.342095870974768679e-02	4.473959754594175608e-01	3.662535877564601638e-02	4.473959754594175608e-01
1.567140000000000022e+01	4.859347028356680170e-02	4.427305311530765342e-01	4.201186228074611784e-02	4.427305311530765342e-01
1.590000000000000036e+01	5.249661313652881356e-02	4.386608991742763086e-01	4.610237068424352658e-02	4.386608991742763086e-01
1.592489999999999917e+01	5.291865385047839210e-02	4.382207011604949964e-01	4.654433409474481587e-02	4.382207011604949964e-01
1.610000000000000142e+01	5.500535047866682292e-02	4.345415820881918800e-01	4.876852925422905938e-02	4.345415820881918800e-01
1.618250000000000099e+01	5.574271273852541425e-02	4.328276145034583022e-01	4.956913376437781238e-02	4.328276145034583022e-01
1.644419999999999860e+01	5.097773394313647594e-02	4.245558232464298198e-01	4.499850703607344987e-02	4.245558232464298198e-01
1.671020000000000039e+01	2.620154202040285776e-02	4.253757625004565557e-01	2.041057715813496265e-02	4.253757625004565557e-01
1.698049999999999926e+01	4.557788877808306022e-02	5.015409884454840039e-01	3.996923803820613685e-02	5.015409884454840039e-01
1.725509999999999877e+01	9.772503341838098545e-02	4.861857189908542765e-01	9.229289325774525654e-02	4.861857189908542765e-01
1.753419999999999845e+01	1.225859142866845136e-01	4.715094951396625045e-01	1.173247467216525508e-01	4.715094951396625045e-01
1.781779999999999831e+01	1.410994697265494369e-01	4.570640044981834071e-01	1.360038668250455607e-01	4.570640044981834071e-01
1.810600000000000165e+01	1.556210353619744968e-01	4.416054784635410901e-01	1.506857755308243785e-01	4.416054784635410901e-01
1.839890000000000114e+01	1.669557243675576508e-01	4.268278164173400224e-01	1.621757634920461544e-01	4.268278164173400224e-01
1.869640000000000057e+01	1.764788452001138930e-01	4.126964595512433442e-01	1.718492097670596686e-01	4.126964595512433442e-01
1.899879999999999924e+01	1.846486178644660969e-01	3.987256396763226851e-01	1.801646038988847787e-01	3.987256396763226851e-01
1.930610000000000070e+01	1.915917109961003117e-01	3.851146380986022466e-01	1.872487235741939759e-01	3.851146380986022466e-01
1.961840000000000117e+01	1.977346783443402478e-01	3.720402253117449098e-01	1.935282761283705910e-01	3.720402253117449098e-01
1.993570000000000064e+01	2.035384516628279961e-01	3.592564539653225197e-01	1.994642994825234494e-01	3.592564539653225197e-01
2.025819999999999865e+01	2.092869565327130088e-01	3.462731355584873216e-01	2.053409043056056704e-01	3.462731355584873216e-01
2.058579999999999899e+01	2.141864802934771994e-01	3.319382009663847111e-01	2.103644384729338457e-01	3.319382009663847111e-01
2.091880000000000095e+01	2.173742544359440754e-01	3.174203819832350781e-01	2.136723433007838846e-01	3.174203819832350781e-01
2.125710000000000122e+01	2.192350070722873245e-01	3.035907935952927295e-01	2.156494031405861711e-01	3.035907935952927295e-01
2.160089999999999932e+01	2.202853103719092653e-01	2.904045639388097011e-01	2.168123501970848355e-01	2.904045639388097011e-01
2.195029999999999859e+01	2.207543462822119107e-01	2.778161100197537592e-01	2.173904845863192103e-01	2.778161100197537592e-01
2.230529999999999902e+01	2.208404831139541002e-01	2.658170919190144810e-01	2.175822591240436366e-01	2.658170919190144810e-01
2.266610000000000014e+01	2.209204488291289514e-01	2.543755193870585463e-01	2.177645427646341392e-01	2.543755193870585463e-01
2.303269999999999840e+01	2.210443510430426806e-01	2.426993858725624564e-01	2.179875216745836564e-01	2.426993858725624564e-01
2.340530000000000044e+01	2.203109608088295313e-01	2.302947266131567527e-01	2.173500968590529880e-01	2.302947266131567527e-01
2.378379999999999939e+01	2.184631916603698709e-01	2.185696926401965445e-01	2.155952312151345196e-01	2.185696926401965445e-01
2.416850000000000165e+01	2.159744005848910076e-01	2.074817670690418392e-01	2.131964280162657321e-01	2.074817670690418392e-01
2.455940000000000012e+01	2.131500861860882168e-01	1.972262682163737346e-01	2.104592544033428159e-01	1.972262682163737346e-01
2.495660000000000167e+01	2.102140068590053756e-01	1.874947952450948807e-01	2.076075590791013614e-01	1.874947952450948807e-01
2.536029999999999873e+01	2.072809297268096429e-01	1.782663695462760323e-01	2.047562160423785638e-01	1.782663695462760323e-01
2.577049999999999841e+01	2.042284835071849491e-01	1.690923889999133567e-01	2.017829164668083486e-01	1.690923889999133567e-01
2.618730000000000047e+01	2.009577432155800758e-01	1.603138327939693797e-01	1.985888166927801679e-01	1.603138327939693797e-01
2.661090000000000089e+01	1.974659522978381154e-01	1.516812063405759414e-01	1.951712558441653367e-01	1.516812063405759414e-01
2.704129999999999967e+01	1.936327844523068609e-01	1.433984504309682440e-01	1.914099648527260722e-01	1.433984504309682440e-01
2.747860000000000014e+01	1.895706265492035636e-01	1.356194295516419679e-01	1.874174041453784967e-01	1.356194295516419679e-01
2.792310000000000159e+01	1.854427965207551543e-01	1.283078328148042346e-01	1.833569924227198278e-01	1.283078328148042346e-01
2.837470000000000070e+01	1.812491909088512210e-01	1.212908982590061441e-01	1.792286626910602199e-01	1.212908982590061441e-01
2.883370000000000033e+01	1.769629829823916867e-01	1.146700409039040219e-01	1.750056819693932841e-01	1.146700409039040219e-01
2.930000000000000071e+01	1.727339589465496927e-01	1.084623223206319514e-01	1.708378717750186626e-01	1.084623223206319514e-01
2.977390000000000114e+01	1.684764511305500423e-01	1.023294873467072569e-01	1.666396517373876229e-01	1.023294873467072569e-01
3.025550000000000139e+01	1.639638346298974148e-01	9.646678439694492124e-02	1.621844544137031330e-01	9.646678439694492124e-02
3.074490000000000123e+01	1.593882543604543400e-01	9.123044636689259246e-02	1.576644806111131003e-01	9.123044636689259246e-02
3.124210000000000065e+01	1.549464819242852565e-01	8.633096550115565426e-02	1.532765457270391096e-01	8.633096550115565426e-02
3.174749999999999872e+01	1.505853726774453727e-01	8.171143038659552105e-02	1.489675897110361580e-01	8.171143038659552105e-02
3.226089999999999947e+01	1.463000261588248141e-01	7.737330405398502864e-02	1.447327318311424638e-01	7.737330405398502864e-02
3.278269999999999840e+01	1.420953157381648346e-01	7.328748271244704682e-02	1.405769243604912677e-01	7.328748271244704682e-02
3.331300000000000239e+01	1.379696372662332915e-01	6.943893368742277972e-02	1.364986092377320215e-01	6.943893368742277972e-02
3.385179999999999723e+01	1.339333922211385364e-01	6.582469807379374982e-02	1.325082246296048483e-01	6.582469807379374982e-02
3.439929999999999666e+01	1.299894748788584242e-01	6.241207792319836134e-02	1.286087178239949391e-01	6.241207792319836134e-02
3.495570000000000022e+01	1.261174556529799928e-01	5.918869326929666191e-02	1.247797095862733796e-01	5.918869326929666191e-02
3.552109999999999701e+01	1.223416148755133992e-01	5.619935511303886938e-02	1.210455209470331500e-01	5.619935511303886938e-02
3.609559999999999746e+01	1.186965802817763066e-01	5.338649120299165940e-02	1.174408194116897119e-01	5.338649120299165940e-02
3.667940000000000111e+01	1.151644966989779917e-01	5.071142722106599526e-02	1.139477951871319256e-01	5.071142722106599526e-02
3.727270000000000039e+01	1.117309664484305992e-01	4.817774746666107083e-02	1.105520938321525315e-01	4.817774746666107083e-02
3.787550000000000239e+01	1.083973480910342679e-01	4.577752956623794278e-02	1.072551032924241449e-01	4.577752956623794278e-02
3.848819999999999908e+01	1.051671232161662251e-01	4.350557798271825760e-02	1.040603575335305730e-01	4.350557798271825760e-02
3.911070000000000135e+01	1.020630193918197481e-01	4.134924985157890920e-02	1.009906055593335905e-01	4.134924985157890920e-02
3.974320000000000164e+01	9.905534835677382022e-02	3.922438076516077815e-02	9.801619738417016725e-02	3.922438076516077815e-02
4.038609999999999900e+01	9.607658057450424449e-02	3.715356639226030655e-02	9.506964982348213578e-02	3.715356639226030655e-02
4.103929999999999723e+01	9.312204141085837772e-02	3.519734653295507332e-02	9.214630784979731259e-02	3.519734653295507332e-02
4.170309999999999917e+01	9.021643013521057908e-02	3.336266043150820648e-02	8.927090938304710344e-02	3.336266043150820648e-02
4.237760000000000105e+01	8.737931299309879829e-02	3.164556946384705638e-02	8.646304855675622514e-02	3.164556946384705638e-02
4.306300000000000239e+01	8.460956683674056289e-02	3.001886713587278988e-02	8.372163363672559255e-02	3.001886713587278988e-02
4.375950000000000273e+01	8.189796616715099009e-02	2.849022587603773290e-02	8.103746925617778818e-02	2.849022587603773290e-02
4.446730000000000160e+01	7.924635293574677775e-02	2.705949936341344245e-02	7.841242629666757280e-02	2.705949936341344245e-02
4.518650000000000233e+01	7.663208084331642189e-02	2.571730777794890496e-02	7.582388276718107778e-02	2.571730777794890496e-02
4.591740000000000066e+01	7.411107880648540314e-02	2.456420604108890821e-02	7.332779814210736713e-02	2.456420604108890821e-02
4.665999999999999659e+01	7.172679428421338543e-02	2.346622899350821537e-02	7.096763924970156401e-02	2.346622899350821537e-02
4.741470000000000340e+01	6.943656790182348160e-02	2.242064550251050142e-02	6.870077842260154111e-02	2.242064550251050142e-02
4.818160000000000309e+01	6.722636996514806673e-02	2.142493103223287385e-02	6.651320692003455382e-02	2.142493103223287385e-02
4.896090000000000231e+01	6.509439534341530942e-02	2.048690538532403974e-02	6.440314300899596667e-02	2.048690538532403974e-02
4.975280000000000058e+01	6.303771275077973968e-02	1.959166555571191168e-02	6.236767796484105064e-02	1.959166555571191168e-02
5.055760000000000076e+01	6.105197413087191244e-02	1.874534897576317707e-02	6.040248799157933030e-02	1.874534897576317707e-02
5.137530000000000285e+01	5.914276719412777522e-02	1.794006851601671892e-02	5.851317671242023399e-02	1.794006851601671892e-02
5.220620000000000260e+01	5.729176121439517877e-02	1.714942077858985087e-02	5.668143631496123241e-02	1.714942077858985087e-02
5.305060000000000286e+01	5.547500764427864411e-02	1.639651805994924577e-02	5.488334002498624492e-02	1.639651805994924577e-02
5.390870000000000317e+01	5.370813787269021478e-02	1.571469511342073189e-02	5.313453789294939750e-02	1.571469511342073189e-02
5.478059999999999974e+01	5.201601476916335037e-02	1.508708458675691103e-02	5.145990889894486164e-02	1.508708458675691103e-02
5.566669999999999874e+01	5.039925773684653110e-02	1.449211954427065928e-02	4.986009395733571187e-02	1.449211954427065928e-02
5.656700000000000017e+01	4.885024077710449497e-02	1.392170027128701928e-02	4.832748019362523989e-02	1.392170027128701928e-02
5.748199999999999932e+01	4.736126404253353933e-02	1.337199890195240465e-02	4.685438953144708402e-02	1.337199890195240465e-02
5.841170000000000329e+01	4.593284437807308718e-02	1.284623394705573796e-02	4.544135102836312917e-02	1.284623394705573796e-02
5.935640000000000072e+01	4.456033441542588125e-02	1.232945460219551231e-02	4.408373431613916288e-02	1.232945460219551231e-02
6.031649999999999778e+01	4.323943837969141529e-02	1.182901806659361968e-02	4.277726132974397910e-02	1.182901806659361968e-02
6.129209999999999781e+01	4.197229566923201677e-02	1.133311461350577573e-02	4.152408400316890541e-02	1.133311461350577573e-02
6.228340000000000032e+01	4.073356768056074495e-02	1.081980759507439153e-02	4.029887748664842673e-02	1.081980759507439153e-02
6.329079999999999728e+01	3.951174940320181794e-02	1.033114326390786701e-02	3.909015267558293288e-02	1.033114326390786701e-02
6.431449999999999534e+01	3.832014018489247886e-02	9.864042656548816998e-03	3.791122155304685326e-02	9.864042656548816998e-03
6.535469999999999402e+01	3.715861289977732268e-02	9.414894677667155071e-03	3.676196929846427264e-02	9.414894677667155071e-03
6.641179999999999950e+01	3.602678909729199047e-02	8.987166813332074858e-03	3.564203163877818770e-02	8.987166813332074858e-03
6.748590000000000089e+01	3.492756349743272870e-02	8.579854424926293410e-03	3.455431360411783531e-02	8.579854424926293410e-03
6.857750000000000057e+01	3.385967747713809067e-02	8.188196325891653957e-03	3.349757078468497407e-02	8.188196325891653957e-03
6.968670000000000186e+01	3.282107252904527955e-02	7.813530596801294970e-03	3.246975423486975210e-02	7.813530596801294970e-03
7.081380000000000052e+01	3.181205659587147544e-02	7.456128327252792808e-03	3.147118320296102278e-02	7.456128327252792808e-03
7.195910000000000650e+01	3.083345756957704339e-02	7.114507820647924564e-03	3.050269646045964539e-02	7.114507820647924564e-03
7.312300000000000466e+01	2.988262622416299960e-02	6.784068363928776740e-03	2.956165607921515739e-02	6.784068363928776740e-03
7.430570000000000164e+01	2.895603237847967776e-02	6.467115188485942842e-03	2.864454107471156585e-02	6.467115188485942842e-03
7.550759999999999650e+01	2.805333046187435259e-02	6.165951181143524036e-03	2.775101636068538075e-02	6.165951181143524036e-03
7.672889999999999588e+01	2.717685134967119318e-02	5.881940399288559246e-03	2.688342139200751088e-02	5.881940399288559246e-03
7.796989999999999554e+01	2.632769397175990789e-02	5.611356954906832062e-03	2.604286417181454413e-02	5.611356954906832062e-03
7.923099999999999454e+01	2.550459703243419460e-02	5.352657416640552168e-03	2.522809281021543351e-02	5.352657416640552168e-03
8.051250000000000284e+01	2.470598258355661409e-02	5.104367677745890071e-03	2.443753773149113032e-02	5.104367677745890071e-03
8.181470000000000198e+01	2.393030624992891972e-02	4.866577369713897920e-03	2.366966265731637251e-02	4.866577369713897920e-03
8.313800000000000523e+01	2.317664446268156292e-02	4.639324546452049634e-03	2.292355240869181285e-02	4.639324546452049634e-03
8.448269999999999413e+01	2.244462472052448712e-02	4.422805155807511129e-03	2.219884198480746862e-02	4.422805155807511129e-03
8.584910000000000707e+01	2.173406794724693988e-02	4.216566578995550006e-03	2.149535957419810087e-02	4.216566578995550006e-03
8.723770000000000380e+01	2.104459827852778533e-02	4.020108288317103366e-03	2.081273731272118704e-02	4.020108288317103366e-03
8.864870000000000516e+01	2.037579412811533347e-02	3.832651784001832925e-03	2.015055983716199442e-02	3.832651784001832925e-03
9.008249999999999602e+01	1.972697675239296067e-02	3.653728275814467370e-03	1.950815538867934143e-02	3.653728275814467370e-03
9.153950000000000387e+01	1.909755049899293164e-02	3.482839118526795744e-03	1.888493501773072861e-02	3.482839118526795744e-03
9.302009999999999934e+01	1.848658827037982441e-02	3.319313657858527153e-03	1.827997806339892034e-02	3.319313657858527153e-03
9.452460000000000662e+01	1.789350867146052501e-02	3.163575338298162554e-03	1.769270893870172195e-02	3.163575338298162554e-03
9.605349999999999966e+01	1.731812752086642898e-02	3.015236539494370750e-03	1.712294982170211102e-02	3.015236539494370750e-03
9.760710000000000264e+01	1.676031141918695941e-02	2.873945991550748771e-03	1.657057268909653200e-02	2.873945991550748771e-03
9.918580000000000041e+01	1.622015692679675339e-02	2.738986934575510408e-03	1.603567965316009952e-02	2.738986934575510408e-03
1.007900000000000063e+02	1.569619567847002975e-02	2.607916873401759390e-03	1.551680769113116323e-02	2.607916873401759390e-03
1.024200000000000017e+02	1.518624680638350384e-02	2.481657682900706863e-03	1.501178078332598802e-02	2.481657682900706863e-03
1.040769999999999982e+02	1.468982784006461241e-02	2.361631567423178209e-03	1.452012369643168425e-02	2.361631567423178209e-03
1.057600000000000051e+02	1.420751714223366692e-02	2.247472888306561046e-03	1.404241554029015196e-02	2.247472888306561046e-03
1.074710000000000036e+02	1.373851946036947456e-02	2.139087685264470188e-03	1.357786999982251754e-02	2.139087685264470188e-03
1.092090000000000032e+02	1.328320039118265419e-02	2.036639409353909521e-03	1.312685338039199130e-02	2.036639409353909521e-03
1.109749999999999943e+02	1.284141444494296506e-02	1.939629711296028160e-03	1.268922602214361296e-02	1.939629711296028160e-03
1.127699999999999960e+02	1.241283639612389238e-02	1.847519681172091546e-03	1.226466808495898023e-02	1.847519681172091546e-03
1.145939999999999941e+02	1.199713279862741483e-02	1.759654728970207150e-03	1.185284902422727334e-02	1.759654728970207150e-03
1.164479999999999933e+02	1.159339875517764046e-02	1.675549429360760406e-03	1.145286885432695786e-02	1.675549429360760406e-03
1.183310000000000031e+02	1.120129895222044848e-02	1.595401883394180920e-03	1.106439304939493135e-02	1.595401883394180920e-03
1.202450000000000045e+02	1.082016723372582721e-02	1.519092668540287898e-03	1.068676199449903816e-02	1.519092668540287898e-03
1.221899999999999977e+02	1.044976757365096917e-02	1.446465223133251102e-03	1.031974209429217630e-02	1.446465223133251102e-03
1.241659999999999968e+02	1.008980652668523340e-02	1.377351925584592227e-03	9.963042360254855540e-03	1.377351925584592227e-03
1.261749999999999972e+02	9.739618671075200851e-03	1.311522263604636244e-03	9.616002891940488712e-03	1.311522263604636244e-03
1.282150000000000034e+02	9.399239092684563354e-03	1.248891931037674277e-03	9.278657874599636687e-03	1.248891931037674277e-03
1.302889999999999873e+02	9.067921364706570120e-03	1.189222407648454468e-03	8.950267473963493051e-03	1.189222407648454468e-03
1.323969999999999914e+02	8.745646688764869073e-03	1.132183140856099068e-03	8.630814690277183177e-03	1.132183140856099068e-03
1.345380000000000109e+02	8.431069749535648195e-03	1.076029100523221088e-03	8.318954786134535873e-03	1.076029100523221088e-03
1.367139999999999986e+02	8.122650045750419434e-03	1.022702536108810239e-03	8.013151608742365151e-03	1.022702536108810239e-03
1.389250000000000114e+02	7.820407259019454896e-03	9.720414619681254148e-04	7.713426441695366703e-03	9.720414619681254148e-04
1.411719999999999970e+02	7.523588340773432366e-03	9.239057886136706069e-04	7.419028873823355942e-03	9.239057886136706069e-04
1.434559999999999889e+02	7.231177115458086758e-03	8.781673135898091865e-04	7.128945110388192757e-03	8.781673135898091865e-04
1.457760000000000105e+02	6.942021774873916376e-03	8.347230146610505825e-04	6.842023605269086615e-03	8.347230146610505825e-04
1.481339999999999861e+02	6.654048155252876608e-03	7.935164339791257173e-04	6.556193286924688092e-03	7.935164339791257173e-04
1.505300000000000011e+02	6.364496352774006924e-03	7.544877415127290146e-04	6.268695215350464367e-03	7.544877415127290146e-04
1.529639999999999986e+02	6.068677173749192737e-03	7.175535482665723391e-04	5.974841110583490982e-03	7.175535482665723391e-04
1.554389999999999930e+02	5.756970652696641669e-03	6.824359173008115974e-04	5.665014061239959618e-03	6.824359173008115974e-04
1.579530000000000030e+02	5.407341461719397495e-03	6.490665104360939007e-04	5.317177709468899616e-03	6.490665104360939007e-04
1.605070000000000050e+02	4.936880090223442694e-03	6.173213217193218583e-04	4.848423729054693494e-03	6.173213217193218583e-04
1.624000000000000057e+02	3.671817173496104598e-03	5.951422760256323656e-04	3.584555469835574212e-03	5.951422760256323656e-04
1.625999999999999943e+02	3.662419748471955946e-03	1.681898805390186647e-03	3.575280841861087910e-03	1.681898805390186647e-03
1.631030000000000086e+02	4.361952674858558462e-03	1.669164856904524225e-03	4.275119758059970666e-03	1.669164856904524225e-03
1.657419999999999902e+02	4.780225741313678771e-03	1.604738706994447445e-03	4.694932798992792686e-03	1.604738706994447445e-03
1.684219999999999970e+02	4.816572903421554447e-03	1.542946034410120704e-03	4.732735069586898810e-03	1.542946034410120704e-03
1.711459999999999866e+02	4.774901348869902383e-03	1.483625097079435988e-03	4.692434926035898672e-03	1.483625097079435988e-03
1.739149999999999920e+02	4.699835172702818489e-03	1.426668300638822074e-03	4.618656069212643059e-03	1.426668300638822074e-03
1.767270000000000039e+02	4.607349578177971812e-03	1.372031291578032454e-03	4.527371696890361910e-03	1.372031291578032454e-03
1.795860000000000127e+02	4.505022231799848433e-03	1.319553880850692518e-03	4.426159717292477841e-03	1.319553880850692518e-03
1.824910000000000139e+02	4.397331787029359201e-03	1.268852183472533174e-03	4.319496430007169555e-03	1.268852183472533174e-03
1.854420000000000073e+02	4.286591059038812219e-03	1.218909877017486636e-03	4.209692351106147749e-03	1.218909877017486636e-03
1.884420000000000073e+02	4.173095361287610869e-03	1.169065278074992885e-03	4.097040819807501975e-03	1.169065278074992885e-03
1.914890000000000043e+02	4.057679278327117230e-03	1.120942448969216177e-03	3.982372323186011455e-03	1.120942448969216177e-03
1.945869999999999891e+02	3.941101638891312924e-03	1.073923649535221030e-03	3.866442364909915101e-03	1.073923649535221030e-03
1.977340000000000089e+02	3.823823289492712420e-03	1.028713521008759466e-03	3.749706159170336853e-03	1.028713521008759466e-03
2.009319999999999879e+02	3.706324922849947925e-03	9.852637782901010974e-04	3.632638562617568952e-03	9.852637782901010974e-04
2.041819999999999879e+02	3.588901926401504797e-03	9.437260967465021773e-04	3.515527572762829848e-03	9.437260967465021773e-04
2.074850000000000136e+02	3.471693297566936457e-03	9.040075419467536073e-04	3.398503200209355372e-03	9.040075419467536073e-04
2.108400000000000034e+02	3.353998726572099756e-03	8.660486636729788912e-04	3.280854223277385445e-03	8.660486636729788912e-04
2.142510000000000048e+02	3.237185389564026933e-03	8.330737217304121263e-04	3.163934619083333833e-03	8.330737217304121263e-04
2.177160000000000082e+02	3.122954834717337619e-03	8.021629956217161831e-04	3.049429849053701680e-03	8.021629956217161831e-04
2.212369999999999948e+02	3.010767137241095789e-03	7.731432647839652688e-04	2.936780189155962974e-03	7.731432647839652688e-04
2.248160000000000025e+02	2.900420449069265622e-03	7.454655211010821582e-04	2.825759120884363453e-03	7.454655211010821582e-04
2.284519999999999982e+02	2.791544082113027285e-03	7.188754235885313343e-04	2.715965904810148553e-03	7.188754235885313343e-04
2.321469999999999914e+02	2.683681889644923095e-03	6.933175418614417190e-04	2.606906073357071266e-03	6.933175418614417190e-04
2.359019999999999868e+02	2.576429219921987611e-03	6.687419837212920737e-04	2.498126663388476349e-03	6.687419837212920737e-04
2.397170000000000130e+02	2.469349961501783597e-03	6.451268863190590423e-04	2.389130343788328260e-03	6.451268863190590423e-04
2.435949999999999989e+02	2.361902100994044650e-03	6.224523294741301713e-04	2.279294296190355514e-03	6.224523294741301713e-04
2.475349999999999966e+02	2.253450654685762358e-03	6.004309461460966869e-04	2.167880676353481969e-03	6.004309461460966869e-04
2.515380000000000109e+02	2.142417219758305062e-03	5.785064909552893424e-04	2.053174771309971246e-03	5.785064909552893424e-04
2.556069999999999993e+02	2.026919596892329256e-03	5.574800215302658062e-04	1.933112992333576273e-03	5.574800215302658062e-04
2.597409999999999854e+02	1.904901715856827885e-03	5.373272122896368113e-04	1.805411172795571510e-03	5.373272122896368113e-04
2.639420000000000073e+02	1.772542256160151465e-03	5.179973380734317380e-04	1.665978672411737218e-03	5.179973380734317380e-04
2.682110000000000127e+02	1.622999285462099674e-03	4.994521506442360734e-04	1.507786354212574745e-03	4.994521506442360734e-04
2.725489999999999782e+02	1.442514297567875064e-03	4.816560719635268372e-04	1.317626505987748355e-03	4.816560719635268372e-04
2.769569999999999936e+02	1.193581557226454197e-03	4.626539720921795285e-04	1.063199092731152750e-03	4.626539720921795285e-04
2.800000000000000000e+02	9.338071037496730635e-04	4.485930222444003382e-04	7.998656659881954456e-04	4.485930222444008261e-04
2.800099999999999909e+02	9.346235521272655512e-04	4.489688670755131701e-04	7.979329170885976659e-04	4.484133337978873251e-04
2.800899999999999750e+02	9.268223361340141749e-04	4.329556975192155681e-04	7.885791146273278930e-04	4.548298945586566611e-04
2.801999999999999886e+02	9.058794609835676753e-04	4.272302973836644203e-04	7.794756422384206077e-04	4.566066812662362127e-04
2.803000000000000114e+02	8.851818733033461634e-04	4.202291883204698863e-04	7.716346099586994262e-04	4.597556767104015330e-04
2.803999999999999773e+02	8.592411199483512277e-04	4.197798466369558079e-04	7.661348892926977700e-04	4.600048030142541268e-04
2.804900000000000091e+02	8.402334195254301460e-04	4.315299696157034234e-04	7.591319004301060394e-04	4.549057472538300712e-04
2.806000000000000227e+02	8.259488262405820973e-04	4.415131267574703912e-04	7.465145741301189774e-04	4.506507332124755198e-04
2.806899999999999977e+02	8.291149784318769048e-04	4.551928468018485736e-04	7.297899315629129656e-04	4.446737164123100937e-04
2.808100000000000023e+02	8.035003241554109161e-04	4.136784330488732422e-04	7.194641373261428160e-04	4.614947441219024527e-04
2.808999999999999773e+02	7.849387510715445833e-04	4.543599029715881176e-04	7.111859451500840944e-04	4.439076728425205812e-04
2.810000000000000000e+02	7.865986304252515051e-04	4.360117466224766635e-04	6.911125144127756338e-04	4.497899920005535594e-04
2.810899999999999750e+02	7.617285187169070288e-04	4.234322434996644498e-04	6.837126870783251723e-04	4.559940967214129275e-04
2.811899999999999977e+02	7.388321472972142782e-04	4.398667632821169475e-04	6.736835194826940650e-04	4.484287974716836427e-04
2.813100000000000023e+02	7.352986841739982777e-04	4.454267235685001607e-04	6.505247064439196193e-04	4.464919707904605839e-04
2.814100000000000250e+02	7.089289125554530235e-04	4.098738759521221948e-04	6.419172672393401273e-04	4.625013706291591811e-04
2.815000000000000000e+02	6.781737321124896778e-04	4.343992811540599124e-04	6.363230281971242680e-04	4.502024568383742827e-04
2.816000000000000227e+02	6.645206199122287959e-04	4.355564990711859909e-04	6.197777167459349139e-04	4.494518507431458153e-04
2.816999999999999886e+02	6.494509745905678458e-04	4.391868527057495356e-04	6.032344407715206462e-04	4.471271816170354469e-04
2.817900000000000205e+02	6.324165580906887995e-04	4.307915031848324810e-04	5.888173405235670775e-04	4.505768178633332141e-04
2.818999999999999773e+02	6.032959682907316698e-04	4.298575060887043246e-04	5.746064650242420618e-04	4.518008109512904719e-04
2.820000000000000000e+02	5.806955639973906697e-04	4.349487616959181414e-04	5.598632540616758479e-04	4.496578813744843634e-04
2.821000000000000227e+02	5.523533945251071385e-04	4.283655408891698748e-04	5.462845344529850856e-04	4.517324343697340198e-04
2.821999999999999886e+02	5.326160055313329577e-04	4.489364879072407452e-04	5.265678046061836835e-04	4.421756009078038770e-04
2.822900000000000205e+02	5.208911148490598386e-04	4.346440288266867325e-04	5.063948169306682580e-04	4.511102758076004546e-04
2.823999999999999773e+02	4.827237438994492623e-04	4.200234061404811096e-04	4.920075205400194348e-04	4.572666050613283608e-04
2.825099999999999909e+02	4.402623910009967920e-04	4.252897700071438486e-04	4.775136482080368817e-04	4.561974962995190967e-04
2.826000000000000227e+02	4.069194288861412265e-04	4.264110220929078735e-04	4.638324774851546733e-04	4.559732920218117136e-04
2.826999999999999886e+02	3.659219765372523294e-04	4.342742859794375149e-04	4.499031696270933286e-04	4.548726311594557454e-04
2.828000000000000114e+02	3.369718014141313833e-04	4.569925471886197507e-04	4.304617526904561163e-04	4.449578587770895905e-04
2.828999999999999773e+02	3.192887754970894333e-04	4.574624150108811890e-04	4.025083349205234328e-04	4.426745059340022096e-04
2.830000000000000000e+02	2.803894505045373495e-04	4.352376604377743955e-04	3.801590280123098961e-04	4.524766565882250291e-04
2.831000000000000227e+02	2.331904736985406608e-04	4.435306286964366845e-04	3.603271224251851368e-04	4.506701729097985871e-04
2.832099999999999795e+02	1.658334365840199087e-04	4.253033937665072787e-04	3.418526057938154673e-04	4.581742675512463434e-04
2.833100000000000023e+02	1.186216419823327470e-04	4.733106649375695306e-04	3.147216695051610657e-04	4.394606651135272665e-04
2.833899999999999864e+02	9.137204686041710915e-05	4.492941257176396794e-04	2.866456736859081429e-04	4.525323689598532940e-04
2.835000000000000000e+02	3.826144277061542117e-06	4.362198486374394609e-04	2.659030587800533668e-04	4.616318686660706599e-04
2.836100000000000136e+02	-8.709243511125954850e-05	4.654253171939217327e-04	2.400393215477894765e-04	4.536489491450323356e-04
2.836899999999999977e+02	-1.510479866109248404e-04	4.747499763929515751e-04	2.156033880206118729e-04	4.551881954392135118e-04
2.838000000000000114e+02	-2.566543657113488854e-04	4.994554123283539634e-04	1.831766517738156463e-04	4.542555453049686403e-04
2.838999999999999773e+02	-3.490612129086570785e-04	5.452656666418432543e-04	1.407345906766979812e-04	4.448847354207861632e-04
2.840000000000000000e+02	-4.757802390249465658e-04	5.473744513194752758e-04	9.719967811677834900e-05	4.625124269355971110e-04
2.841000000000000227e+02	-6.413912846017723237e-04	6.309158645079985129e-04	5.087185217540680682e-05	4.618210112010290454e-04
2.841999999999999886e+02	-8.470227715514823267e-04	7.341208516584340951e-04	3.951335771458357509e-06	4.900193436180043426e-04
2.843000000000000114e+02	-9.495810868638029489e-04	1.081360878340821693e-03	-6.157959159928804588e-05	4.873661277247305136e-04
2.843999999999999773e+02	-9.055562391835379537e-04	1.270206187130537697e-03	-1.351535189367809961e-04	5.620806655229923596e-04
2.845000000000000000e+02	-8.441851108624686285e-04	1.418408931894022144e-03	-1.579840079308905470e-04	6.564539533476604566e-04
2.846000000000000227e+02	-8.120593294837193457e-04	1.446008696656667395e-03	-1.360782181153552116e-04	7.304913329570962436e-04
2.847099999999999795e+02	-9.228292318179909205e-04	1.436553622479487579e-03	-9.432978079498979080e-05	7.610683491700534920e-04
2.848000000000000114e+02	-1.205454697396056386e-03	1.489145848042469243e-03	-7.056099397556394085e-05	7.448837102436076368e-04
2.848999999999999773e+02	-1.412431485199993047e-03	2.024494004309858840e-03	-1.509355451490428958e-04	6.757423795553548201e-04
2.850000000000000000e+02	-1.465915758643280284e-03	2.418483225054868756e-03	-1.818121895617598981e-04	8.651951873212320116e-04
2.851000000000000227e+02	-1.243152798641769009e-03	3.216518056815651384e-03	-1.079567471121917275e-04	8.783130488912844992e-04
2.851999999999999886e+02	-5.835549484580602629e-04	3.617400675438648804e-03	-5.641819255676590940e-05	9.023593994917489649e-04
2.853000000000000114e+02	-5.818144727711517728e-05	3.460401360438367623e-03	6.542923208341776416e-05	9.159432737294548018e-04
2.853999999999999773e+02	2.201981838733142608e-04	3.430719101105346360e-03	1.225823224019907242e-04	6.937456089639338101e-04
2.855099999999999909e+02	5.387802295257956018e-04	3.444823018396596815e-03	2.250902368451218380e-05	5.369707094399259716e-04
2.856000000000000227e+02	8.812181228944393268e-04	3.438894613716160856e-03	-1.268566889149528145e-04	4.338385867037847601e-04
2.856999999999999886e+02	1.230133334388783381e-03	3.193438510442453328e-03	-3.183496576184227135e-04	4.375117110502101049e-04
2.858000000000000114e+02	1.444647455681659365e-03	2.911509774101640486e-03	-4.706969374180367438e-04	5.050547680059436781e-04
2.858999999999999773e+02	1.521095518819715574e-03	2.580539095462641014e-03	-5.691883089078365789e-04	5.942079295761778851e-04
2.860000000000000000e+02	1.482556263744628025e-03	2.349012291158388780e-03	-6.685855689507569193e-04	6.354457611398760600e-04
2.860899999999999750e+02	1.388912842054690474e-03	2.190711506525440649e-03	-7.640274908801772402e-04	7.380136146687447593e-04
2.861899999999999977e+02	1.254908204690421839e-03	2.149803340959576588e-03	-7.983230441500607571e-04	8.732530100517319578e-04
2.863000000000000114e+02	1.295997697399958216e-03	2.318680109859725964e-03	-8.285858826915281153e-04	9.145858429602400077e-04
2.863999999999999773e+02	1.455150166182416025e-03	2.223105264289215038e-03	-8.827399171924687907e-04	9.855177511388787340e-04
2.865099999999999909e+02	1.556275650325349537e-03	2.068525854037605704e-03	-9.512701554665579668e-04	1.038011764448031277e-03
2.866000000000000227e+02	1.572088066272483726e-03	1.875247222410193152e-03	-1.032116329567304893e-03	1.095987661988438331e-03
2.866999999999999886e+02	1.523062069790329489e-03	1.713019088866922588e-03	-1.159992321671886708e-03	1.173982260589348341e-03
2.868000000000000114e+02	1.377417038330870733e-03	1.504975831987222581e-03	-1.273476169695394620e-03	1.370885567922935531e-03
2.868999999999999773e+02	1.112809614495162414e-03	1.458960967550822479e-03	-1.315751588814249515e-03	1.574239075076897237e-03
2.870000000000000000e+02	1.046220613843978084e-03	1.717275220363784606e-03	-1.380137227640748513e-03	1.735182032395252323e-03
2.871000000000000227e+02	1.013017928900823835e-03	1.562326602416085281e-03	-1.373717633032231229e-03	2.093194471020574151e-03
2.871899999999999977e+02	8.610613244065826394e-04	1.667598842988485611e-03	-1.218345984788170950e-03	2.340350044624926740e-03
2.873000000000000114e+02	7.943018121596744432e-04	1.837374354305945819e-03	-9.818844972042392941e-04	2.515551956686125270e-03
2.873999999999999773e+02	8.490419134191041660e-04	2.028029005809592594e-03	-7.860109168359531500e-04	2.579996076234302056e-03
2.875000000000000000e+02	9.349570885799556941e-04	2.069387590487186714e-03	-6.046944625709997547e-04	2.643183053508618013e-03
2.876000000000000227e+02	1.027253468248645694e-03	2.175014753651625769e-03	-4.378933717933317614e-04	2.635719856336387560e-03
2.877099999999999795e+02	1.144405690192553098e-03	2.175418782391625588e-03	-2.759634061636035102e-04	2.635141379298897545e-03
2.878000000000000114e+02	1.257741937570521591e-03	2.226081318087273081e-03	-1.647387902925052049e-04	2.576829493591651591e-03
2.879100000000000250e+02	1.373112753115908295e-03	2.127822438017651363e-03	-5.122252841805426598e-05	2.542209541421311132e-03
2.880000000000000000e+02	1.453534550031514508e-03	2.134727679277683473e-03	1.519416046177142231e-05	2.448434077411067774e-03
2.881000000000000227e+02	1.540753662648996396e-03	2.012663884657010013e-03	4.744468371123013021e-05	2.398196051592628615e-03
2.881999999999999886e+02	1.545684345344188870e-03	1.916396427969603014e-03	7.463408556263684084e-05	2.339273045689127615e-03
2.883000000000000114e+02	1.543089797435780695e-03	1.886098487078882334e-03	6.675834759910981482e-05	2.275293014821998510e-03
2.883999999999999773e+02	1.547786400804389241e-03	1.849927130636083022e-03	4.276822743187691457e-05	2.260186036941366598e-03
2.885000000000000000e+02	1.620388800520901687e-03	1.886622513544377504e-03	1.859261017726936034e-06	2.240063218721190068e-03
2.886000000000000227e+02	1.675568438565705563e-03	1.729442734434165048e-03	-1.594372571731978154e-05	2.312004565155614030e-03
2.886999999999999886e+02	1.677588075819843282e-03	1.695623491837369495e-03	-6.081403136433346147e-07	2.329589689655335843e-03
2.888000000000000114e+02	1.709231768633905730e-03	1.603638847235402390e-03	7.450736483576999664e-06	2.370063543599597138e-03
2.888999999999999773e+02	1.695349004284093988e-03	1.479166122766777071e-03	3.913905958038488216e-05	2.420726208060163063e-03
2.890000000000000000e+02	1.620477276025548497e-03	1.374505334639529669e-03	9.425676053486292455e-05	2.453473017992666236e-03
2.891000000000000227e+02	1.542624142372963497e-03	1.351973393561173688e-03	1.493961042910469804e-04	2.455670152587019917e-03
2.892099999999999795e+02	1.472853497967601061e-03	1.311588682225496615e-03	1.999211650083204152e-04	2.452043332423640368e-03
2.893000000000000114e+02	1.408597358701500291e-03	1.308300553725665668e-03	2.377291731254816700e-04	2.438159759405116554e-03
2.893999999999999773e+02	1.357915698391003786e-03	1.328755270885799943e-03	2.653604886209873876e-04	2.409777355940873229e-03
2.894900000000000091e+02	1.353301901874812358e-03	1.357203415457610123e-03	2.637663148628940804e-04	2.380105261407699287e-03
2.895899999999999750e+02	1.325608824126390866e-03	1.299156085279289368e-03	2.643499018427559501e-04	2.394538610724043694e-03
2.896999999999999886e+02	1.270304628366399589e-03	1.323848735334818942e-03	2.686527137597127671e-04	2.379342390222565200e-03
2.898000000000000114e+02	1.233264906658307217e-03	1.320511167798596973e-03	2.677823525444486498e-04	2.396116967539346602e-03
2.898999999999999773e+02	1.196432615975383425e-03	1.350865659574624657e-03	2.747828134326664928e-04	2.400276782549747457e-03
2.900000000000000000e+02	1.173589156890712283e-03	1.375002361061973023e-03	2.782237489515988955e-04	2.409131522836975656e-03
2.901000000000000227e+02	1.186527075234622723e-03	1.421463720199157019e-03	2.683743715479545012e-04	2.412818536534340128e-03
2.901899999999999977e+02	1.165127307186033731e-03	1.362023610013894399e-03	2.804194647353941698e-04	2.465531822337500584e-03
2.903100000000000023e+02	1.135908265823256345e-03	1.452101110179462905e-03	3.004232029477179504e-04	2.452455610631788709e-03
2.903999999999999773e+02	1.142384028641282899e-03	1.434640970131272021e-03	3.028567327977209974e-04	2.484297083142143672e-03
2.905000000000000000e+02	1.134174366355909097e-03	1.468707104817908345e-03	3.162341806480701602e-04	2.496510847348884597e-03
2.906000000000000227e+02	1.116130317959220485e-03	1.460947491870921147e-03	3.360050654111445515e-04	2.526250812024102323e-03
2.907099999999999795e+02	1.134579841676827119e-03	1.554919015915204143e-03	3.452969851508846250e-04	2.516562464167097519e-03
2.908000000000000114e+02	1.182545432810673276e-03	1.528932094113476551e-03	3.398275123443002428e-04	2.548422945222730222e-03
2.908999999999999773e+02	1.190489759670904178e-03	1.507272894287401332e-03	3.555327911510085671e-04	2.585871505948180056e-03
2.910000000000000000e+02	1.187069208747388313e-03	1.496977317480439971e-03	3.798055968071911096e-04	2.612387517047168838e-03
2.911000000000000227e+02	1.184481413389313698e-03	1.492319169834352508e-03	4.005636903058531627e-04	2.633338876501644527e-03
2.912099999999999795e+02	1.172332106014854118e-03	1.476518191371944564e-03	4.289174354331009393e-04	2.668463165159039047e-03
2.913000000000000114e+02	1.158575274573822242e-03	1.482602878049556639e-03	4.559951701924656983e-04	2.684832038007096879e-03
2.913999999999999773e+02	1.142747369048220099e-03	1.480323747495574521e-03	4.901498593193293974e-04	2.712437722993263616e-03
2.915000000000000000e+02	1.120757946248241658e-03	1.497463456088276613e-03	5.317482394327152639e-04	2.722809414469340872e-03
2.916000000000000227e+02	1.144202860729201000e-03	1.549094018050577734e-03	5.492971557220633055e-04	2.712459271757784209e-03
2.916999999999999886e+02	1.160457071214846675e-03	1.490908991526225481e-03	5.693635319551065138e-04	2.755896518207042248e-03
2.918000000000000114e+02	1.103902319529151974e-03	1.470017153718232916e-03	6.233056704678537584e-04	2.778439425667492309e-03
2.918899999999999864e+02	1.082394585644574697e-03	1.541192058247563062e-03	6.578646115076884279e-04	2.758951329451962611e-03
2.920000000000000000e+02	1.082142035607398236e-03	1.539981549132517181e-03	6.896512912098481203e-04	2.774509585824464983e-03
2.921000000000000227e+02	1.084907122269115161e-03	1.595110978671560520e-03	7.180446723708372144e-04	2.761371664291241684e-03
2.921999999999999886e+02	1.106945109348608097e-03	1.596227494501479454e-03	7.366389240029032337e-04	2.770675664512267915e-03
2.923000000000000114e+02	1.102222289699163454e-03	1.597161150895146792e-03	7.671936370323111229e-04	2.782124649792164922e-03
2.923999999999999773e+02	1.114794023155421922e-03	1.638365523150492895e-03	7.939105708523304600e-04	2.775940721495462078e-03
2.925000000000000000e+02	1.134808138029183957e-03	1.623656472500276332e-03	8.165861377465983119e-04	2.786489282449598932e-03
2.925899999999999750e+02	1.135429220458410941e-03	1.625442445143919718e-03	8.424889849527717562e-04	2.792332468528180463e-03
2.926999999999999886e+02	1.122633809162918578e-03	1.616998231777576648e-03	8.817356557869941800e-04	2.802986603468242324e-03
2.928000000000000114e+02	1.099802445509913016e-03	1.641637978331294927e-03	9.229856289272775263e-04	2.796509865555225124e-03
2.929100000000000250e+02	1.104545221287980741e-03	1.698145109813332335e-03	9.536564531452126426e-04	2.773483022202677395e-03
2.930000000000000000e+02	1.131474637781285401e-03	1.724882845940172793e-03	9.685204419031085647e-04	2.764634700130992433e-03
2.931000000000000227e+02	1.165573151267131459e-03	1.742463263590233926e-03	9.824135530377420267e-04	2.755972772820644914e-03
2.931899999999999977e+02	1.200957781230298010e-03	1.746046065655533540e-03	9.904738946774098093e-04	2.754681271146676002e-03
2.933000000000000114e+02	1.212056029826097088e-03	1.714378665741364939e-03	1.016181635132136886e-03	2.771736516381984820e-03
2.933999999999999773e+02	1.231494066880905189e-03	1.751770708439767069e-03	1.035164421137555260e-03	2.753561797261520547e-03
2.935000000000000000e+02	1.248558351873382301e-03	1.706143199676380491e-03	1.056381087271706471e-03	2.776702476174177595e-03
2.936000000000000227e+02	1.230082986828737179e-03	1.717234249723856602e-03	1.094913586389651989e-03	2.767524182139299242e-03
2.936999999999999886e+02	1.251084535189116295e-03	1.760371259310238370e-03	1.110939783008131881e-03	2.741754789264420639e-03
2.938000000000000114e+02	1.284277182394581111e-03	1.743049440426459396e-03	1.120326192417473062e-03	2.748325575465114176e-03
2.938999999999999773e+02	1.281204739408607022e-03	1.730047812596210554e-03	1.148118045109583658e-03	2.751625391831461973e-03
2.940000000000000000e+02	1.310885466324372911e-03	1.782776261231434293e-03	1.161646435820729668e-03	2.723635226384345156e-03
2.940899999999999750e+02	1.359533676180438690e-03	1.749223084550426610e-03	1.161277859305227941e-03	2.731332960617141332e-03
2.942099999999999795e+02	1.368743531088610762e-03	1.704443840531686067e-03	1.184431327201870745e-03	2.748010254050955135e-03
2.943000000000000114e+02	1.375498042661890902e-03	1.706301001660537938e-03	1.204914263395051718e-03	2.744236149629986077e-03
2.943999999999999773e+02	1.373046006648361711e-03	1.662880129591046922e-03	1.230676610634908949e-03	2.754507514828704630e-03
2.945000000000000000e+02	1.352143179133791012e-03	1.668753993111571311e-03	1.261717513386787816e-03	2.745025039976734058e-03
2.946000000000000227e+02	1.343269165267499572e-03	1.680995620284906570e-03	1.288006398743633341e-03	2.733606988470891914e-03
2.946899999999999977e+02	1.372426705079239943e-03	1.724749750096790050e-03	1.294940039801308800e-03	2.706753815916326800e-03
2.948000000000000114e+02	1.418622839957770247e-03	1.683116405078515128e-03	1.297405175963952132e-03	2.716512425694142183e-03
2.948899999999999864e+02	1.422220702540369494e-03	1.649072796132289775e-03	1.312024032780798434e-03	2.722614398724384176e-03
2.950099999999999909e+02	1.399895364833521208e-03	1.617670473356402558e-03	1.344310133154485521e-03	2.732329461015352116e-03
2.951000000000000227e+02	1.395547909748902967e-03	1.638951826380099586e-03	1.365040652702363385e-03	2.716526503962774213e-03
2.951999999999999886e+02	1.402386415700308852e-03	1.614223120437962037e-03	1.382579825335768578e-03	2.720969906026730369e-03
2.953100000000000023e+02	1.374419105282423175e-03	1.594872372892886274e-03	1.417200931161749890e-03	2.719769090008370468e-03
2.953999999999999773e+02	1.369693800671705321e-03	1.635253554470461222e-03	1.434765245908465854e-03	2.692876505367079645e-03
2.955099999999999909e+02	1.375006342343837538e-03	1.617155532483184827e-03	1.453215613030191819e-03	2.696044254730375987e-03
2.956000000000000227e+02	1.387662073181881138e-03	1.650139678471258895e-03	1.464436588253840120e-03	2.670449613106218659e-03
2.956999999999999886e+02	1.401050908016990195e-03	1.608776378823740952e-03	1.475746363237114217e-03	2.682876143358177163e-03
2.958000000000000114e+02	1.375666337356452450e-03	1.605103978698110487e-03	1.505747371910554208e-03	2.674860460247154015e-03
2.958999999999999773e+02	1.387362738627775536e-03	1.648725067554790511e-03	1.516611904389489037e-03	2.645100213850675504e-03
2.960000000000000000e+02	1.407814885062626557e-03	1.613608763564471516e-03	1.524809672621274667e-03	2.654405397996719221e-03
2.961000000000000227e+02	1.383896635614703576e-03	1.597355969717139876e-03	1.551310931675403898e-03	2.648395225143172337e-03
2.961999999999999886e+02	1.368018141147889092e-03	1.633626306730376777e-03	1.572150341807108899e-03	2.625725002867471212e-03
2.963000000000000114e+02	1.402837556347276719e-03	1.675622869952924678e-03	1.572538807144790518e-03	2.599140461977217115e-03
2.963999999999999773e+02	1.445934155867583011e-03	1.647249161193054499e-03	1.570755089034927502e-03	2.604252434511859695e-03
2.965099999999999909e+02	1.449697541262326200e-03	1.608402668402609832e-03	1.585289235806807816e-03	2.606745738357817317e-03
2.966000000000000227e+02	1.447420074874799546e-03	1.607767723414010516e-03	1.598000296305257919e-03	2.601081748661140773e-03
2.966899999999999977e+02	1.437633892200636081e-03	1.582636807315261846e-03	1.615902421670968548e-03	2.603667049652402029e-03
2.968100000000000023e+02	1.439230178390939717e-03	1.614385974880736766e-03	1.631283448496416086e-03	2.577467429787750914e-03
2.968999999999999773e+02	1.455461748293443826e-03	1.594898324529055731e-03	1.636642634523579080e-03	2.579215220975038334e-03
2.970000000000000000e+02	1.462185313801898923e-03	1.589533546814705239e-03	1.646684435404218794e-03	2.569679974456567581e-03
2.972500000000000000e+02	1.470870097091749561e-03	1.546487966464567048e-03	1.671974037094841638e-03	2.567791445742452321e-03
2.975000000000000000e+02	1.445023625661239104e-03	1.502908027775146614e-03	1.714692984792001501e-03	2.567682332937542503e-03
2.977500000000000000e+02	1.419705169057546880e-03	1.509417624993502358e-03	1.757142803929844736e-03	2.541803504014208438e-03
2.980000000000000000e+02	1.396670628512718029e-03	1.490136718394187865e-03	1.794702963017862085e-03	2.526010224797874733e-03
2.982599999999999909e+02	1.384901104036049754e-03	1.519057337977384233e-03	1.828816160001071021e-03	2.493119769382556600e-03
2.985000000000000000e+02	1.383670520220682976e-03	1.497571269196797724e-03	1.854472315456438120e-03	2.476555792171348993e-03
2.987599999999999909e+02	1.365219419525642288e-03	1.493286770415412591e-03	1.884802975556896859e-03	2.455375802154209034e-03
2.990000000000000000e+02	1.331081080629665939e-03	1.476396191225619802e-03	1.921651295878385075e-03	2.444349660888144298e-03
2.992500000000000000e+02	1.306350799948834346e-03	1.517991364335474552e-03	1.953282006226161275e-03	2.402061941330893048e-03
2.995000000000000000e+02	1.285152937631456327e-03	1.510882654906810924e-03	1.981343236492730340e-03	2.387345570193320429e-03
2.997599999999999909e+02	1.272250674281574746e-03	1.567646059372714874e-03	2.007369679747113365e-03	2.342549642463310176e-03
3.000000000000000000e+02	1.271522113241885894e-03	1.562103553608475918e-03	2.025260086512835171e-03	2.327740679765800090e-03
3.002500000000000000e+02	1.237226820329209416e-03	1.580099466302872357e-03	2.058331571157213588e-03	2.303605639334374740e-03
3.005099999999999909e+02	1.233060401026132022e-03	1.657231710389484762e-03	2.080518137303155341e-03	2.254940157082021852e-03
3.007500000000000000e+02	1.249767111697797214e-03	1.675402324588675697e-03	2.092090055553675818e-03	2.231005397270835466e-03
3.009900000000000091e+02	1.264381918002534418e-03	1.716843430697463820e-03	2.104888632653371169e-03	2.199886564073929348e-03
3.012500000000000000e+02	1.279596411983558195e-03	1.730423293228122803e-03	2.119866918019279282e-03	2.177638286789935086e-03
3.015000000000000000e+02	1.299474203206260094e-03	1.777137589148692102e-03	2.132518778964616682e-03	2.143598242504833953e-03
3.017599999999999909e+02	1.338019129423838370e-03	1.793974575604613932e-03	2.139980873928079737e-03	2.120789353610757523e-03
3.020000000000000000e+02	1.361374633305294972e-03	1.795531626031667211e-03	2.152631757823599782e-03	2.103806817032561564e-03
3.022500000000000000e+02	1.373817768474809011e-03	1.806083427765253335e-03	2.170389403894194130e-03	2.081405527918646445e-03
3.025000000000000000e+02	1.388654328728681662e-03	1.830150188189462067e-03	2.187512437085490594e-03	2.053536114999680254e-03
3.027500000000000000e+02	1.424303634790369602e-03	1.863782277249427218e-03	2.197517924025099451e-03	2.020684648487571389e-03
3.030000000000000000e+02	1.471477043076764926e-03	1.865333263088587209e-03	2.202569326124902832e-03	1.997414873614483145e-03
3.032500000000000000e+02	1.494612962697203836e-03	1.845282009554949885e-03	2.216790940760774136e-03	1.982710456870584708e-03
3.035000000000000000e+02	1.503285992894588634e-03	1.856783323775875990e-03	2.236463916320780270e-03	1.952276671598464092e-03
3.037500000000000000e+02	1.543978520922516815e-03	1.888987907082918718e-03	2.241138040510484881e-03	1.911870291713841860e-03
3.039900000000000091e+02	1.573799233041763912e-03	1.854673515399689332e-03	2.248783037771417796e-03	1.900009756828718432e-03
3.042500000000000000e+02	1.597509490608914383e-03	1.881046857592884444e-03	2.259792231470498201e-03	1.858302716168308295e-03
3.045000000000000000e+02	1.638309784213865840e-03	1.868411525616964827e-03	2.260744672471004524e-03	1.832210602665267432e-03
3.047500000000000000e+02	1.669643083797521391e-03	1.857791601466815502e-03	2.263531758417078321e-03	1.804934347480954175e-03
3.050000000000000000e+02	1.694109255565797107e-03	1.837758911023615804e-03	2.267559019511256480e-03	1.780883864446793476e-03
3.052400000000000091e+02	1.711730484259651542e-03	1.827894311487632609e-03	2.271474579597258965e-03	1.752747570066480161e-03
3.055000000000000000e+02	1.737065683145505536e-03	1.819875072472266564e-03	2.271449630155820791e-03	1.722851685207931480e-03
3.057400000000000091e+02	1.749429068143776040e-03	1.795916388522306823e-03	2.274720905858875798e-03	1.700481452060090531e-03
3.060000000000000000e+02	1.786533674879741372e-03	1.818605625294475317e-03	2.264966423349146305e-03	1.655984529816308982e-03
3.062599999999999909e+02	1.809766986756712994e-03	1.745994581800594091e-03	2.260031521268856657e-03	1.654540045828024452e-03
3.065099999999999909e+02	1.810621574768499177e-03	1.755883645788317536e-03	2.262984899444280776e-03	1.617261225402040177e-03
3.067500000000000000e+02	1.826666700185330732e-03	1.728882575700712524e-03	2.257195000803698288e-03	1.598907270807807274e-03
3.070000000000000000e+02	1.837960865019632123e-03	1.721627690123290642e-03	2.251918857765993973e-03	1.570983008955559356e-03
3.072500000000000000e+02	1.846949738900567324e-03	1.695828902428365460e-03	2.245823580763548453e-03	1.552998920747075901e-03
3.075000000000000000e+02	1.853058400764820510e-03	1.692052042586366604e-03	2.242389616163112300e-03	1.528586987201599728e-03
3.077400000000000091e+02	1.866928017382826419e-03	1.680921367439327813e-03	2.233552536703489570e-03	1.502873996507333304e-03
3.079900000000000091e+02	1.887477198950678666e-03	1.670170453025699754e-03	2.219611607309391384e-03	1.482766975012777275e-03
3.082500000000000000e+02	1.886375217942403955e-03	1.626379404483693780e-03	2.215049889292656192e-03	1.473464438356082403e-03
3.085000000000000000e+02	1.894504644961548991e-03	1.650692748354476089e-03	2.205921732091406171e-03	1.439220368633316533e-03
3.087500000000000000e+02	1.916259258424557813e-03	1.612478360895027926e-03	2.190213383421611617e-03	1.430021231897234991e-03
3.090000000000000000e+02	1.921219228695068143e-03	1.598441696260785713e-03	2.179729822768059887e-03	1.413143600410383472e-03
3.092500000000000000e+02	1.915803796606911939e-03	1.567185576660225232e-03	2.174993276120246958e-03	1.406604108736465462e-03
3.095000000000000000e+02	1.916096808834884214e-03	1.581534152358191059e-03	2.168426006499647816e-03	1.378169702008980729e-03
3.097500000000000000e+02	1.938395808172573877e-03	1.569536888806904876e-03	2.149205384333270890e-03	1.360550181676535662e-03
3.100099999999999909e+02	1.950645823803443197e-03	1.541602236346495750e-03	2.133882590195814236e-03	1.355078623026027265e-03
3.110000000000000000e+02	1.962428615558448400e-03	1.470760800177723336e-03	2.094870172508664450e-03	1.313985232472097064e-03
3.120000000000000000e+02	1.969617960838949099e-03	1.413333768228265848e-03	2.051865031226576819e-03	1.278906512557907152e-03
3.130000000000000000e+02	1.965577471653687496e-03	1.340182708974194331e-03	2.015448220748323246e-03	1.264318479518539411e-03
3.140000000000000000e+02	1.941420263382610551e-03	1.280719649628849020e-03	1.988707760229069515e-03	1.246405836417448232e-03
3.150000000000000000e+02	1.902425686022844774e-03	1.232605895152001684e-03	1.964799049072877418e-03	1.232605895152001684e-03
3.199830000000000041e+02	1.810543251552624829e-03	1.173188729252463243e-03	1.890421889162280898e-03	1.173188729252463243e-03
3.251580000000000155e+02	1.773714484366633194e-03	1.115431994691191021e-03	1.841704693880992592e-03	1.115431994691191021e-03
3.304180000000000064e+02	1.745161753547495300e-03	1.060514803252360925e-03	1.802177542289230524e-03	1.060514803252360925e-03
3.357620000000000005e+02	1.718123192994114399e-03	1.008310126663001377e-03	1.766275114694669870e-03	1.008310126663001377e-03
3.411920000000000073e+02	1.690715532861146670e-03	9.586844590994101929e-04	1.731785872011928386e-03	9.586844590994101929e-04
3.467110000000000127e+02	1.662405061199641104e-03	9.114999230526184661e-04	1.697765708415281249e-03	9.114999230526184661e-04
3.523190000000000168e+02	1.633137085046008213e-03	8.666440114540397213e-04	1.663836852611260591e-03	8.666440114540397213e-04
3.580169999999999959e+02	1.603029630517837983e-03	8.240054254104983277e-04	1.629876795871383057e-03	8.240054254104983277e-04
3.638079999999999927e+02	1.572270474042857446e-03	7.834636479617606121e-04	1.595895530968147874e-03	7.834636479617606121e-04
3.696920000000000073e+02	1.541123388029559801e-03	7.449236277004560487e-04	1.562026719798313180e-03	7.449236277004560487e-04
3.756720000000000255e+02	1.510137007776556030e-03	7.082801138474306571e-04	1.528719921687658268e-03	7.082801138474306571e-04
3.817479999999999905e+02	1.479069654255863852e-03	6.721495622568179592e-04	1.495659050592781794e-03	6.721495622568179592e-04
3.879220000000000255e+02	1.447153543601291219e-03	6.370313436310494305e-04	1.462018077189399662e-03	6.370313436310494305e-04
3.941970000000000027e+02	1.414577753198511569e-03	6.035886248487386772e-04	1.427940253431046703e-03	6.035886248487386772e-04
4.005729999999999791e+02	1.381639969136377313e-03	5.715974214679065508e-04	1.393687580094081935e-03	5.715974214679065508e-04
4.070520000000000209e+02	1.348409867595603282e-03	5.411888071526549989e-04	1.359300639176803634e-03	5.411888071526549989e-04
4.136349999999999909e+02	1.315102884191016045e-03	5.124076563035058875e-04	1.324971437810730469e-03	5.124076563035058875e-04
4.203260000000000218e+02	1.281891115340663299e-03	4.851537420907993956e-04	1.290852479100848939e-03	4.851537420907993956e-04
4.271240000000000236e+02	1.248902357903911454e-03	4.593540188435679618e-04	1.257056031402319649e-03	4.593540188435679618e-04
4.340319999999999823e+02	1.216219940116266022e-03	4.349280532576159353e-04	1.223652001887203704e-03	4.349280532576159353e-04
4.410520000000000209e+02	1.183922995289972413e-03	4.118022622484958806e-04	1.190708400384309865e-03	4.118022622484958806e-04
4.481859999999999786e+02	1.152083158626342673e-03	3.898892277842227788e-04	1.158287478586675313e-03	3.898892277842227788e-04
4.554350000000000023e+02	1.120716157966831139e-03	3.690624488835156695e-04	1.126397066905356591e-03	3.690624488835156695e-04
4.628020000000000209e+02	1.089806399332008237e-03	3.492956044946609337e-04	1.095014687485501960e-03	3.492956044946609337e-04
4.702869999999999777e+02	1.059382998223309122e-03	3.305616386872267990e-04	1.064163728900223730e-03	3.305616386872267990e-04
4.778940000000000055e+02	1.029477542243295183e-03	3.128312118123837272e-04	1.033870614544304652e-03	3.128312118123837272e-04
4.856229999999999905e+02	1.000161778633915435e-03	2.960443610271557891e-04	1.004202820093324242e-03	2.960443610271557891e-04
4.934780000000000086e+02	9.713523121919793871e-04	2.799974341282788809e-04	9.750730535743817136e-04	2.799974341282788809e-04
5.014590000000000032e+02	9.429845147265650913e-04	2.648218187030556984e-04	9.464134450918431632e-04	2.648218187030556984e-04
5.095699999999999932e+02	9.150760297227639823e-04	2.504685075896102646e-04	9.182386508690971571e-04	2.504685075896102646e-04
5.178120000000000118e+02	8.875781700371244412e-04	2.368959826456723387e-04	8.904974583481914006e-04	2.368959826456723387e-04
5.261870000000000118e+02	8.603329028211322005e-04	2.240620455912714236e-04	8.630295717531808993e-04	2.240620455912714236e-04
5.346979999999999791e+02	8.327783399573118143e-04	2.119259961600203997e-04	8.352710769466784729e-04	2.119259961600203997e-04
5.430000000000000000e+02	7.933822656956151685e-04	2.008979766354947638e-04	7.956951288900041561e-04	2.008979766354947638e-04
5.432000000000000455e+02	7.928464173364641520e-04	2.112547084809564583e-04	7.951551602699882251e-04	2.112547084809564583e-04
5.433460000000000036e+02	7.964326729070729657e-04	2.110562807333287751e-04	7.987384141118597210e-04	2.110562807333287751e-04
5.521340000000000146e+02	7.849643730544903766e-04	1.996311693372677053e-04	7.870984523029189326e-04	1.996311693372677053e-04
5.610650000000000546e+02	7.638847243708253056e-04	1.887472102281385412e-04	7.658610507388302971e-04	1.887472102281385412e-04
5.701390000000000100e+02	7.423070914191994604e-04	1.784257187154874203e-04	7.441383492981061554e-04	1.784257187154874203e-04
5.793609999999999900e+02	7.208276282938414891e-04	1.686884322368042456e-04	7.225253261397407683e-04	1.686884322368042456e-04
5.887319999999999709e+02	6.996641792983675093e-04	1.594895894199886374e-04	7.012388305000509699e-04	1.594895894199886374e-04
5.982540000000000191e+02	6.789021467953499636e-04	1.507963630030841322e-04	6.803633533351688672e-04	1.507963630030841322e-04
6.079299999999999500e+02	6.585810313840930125e-04	1.425772014379962345e-04	6.599375625353988851e-04	1.425772014379962345e-04
6.177630000000000337e+02	6.387215530439377658e-04	1.348063183421210659e-04	6.399814281797230929e-04	1.348063183421210659e-04
6.277549999999999955e+02	6.193384271786412949e-04	1.274529392320975993e-04	6.205089975181075869e-04	1.274529392320975993e-04
6.379080000000000155e+02	6.004203731549267184e-04	1.204661643731255792e-04	6.015083836187832796e-04	1.204661643731255792e-04
6.482259999999999991e+02	5.819166010057075797e-04	1.138127410452421652e-04	5.829282314613096726e-04	1.138127410452421652e-04
6.587110000000000127e+02	5.637653237639060188e-04	1.074968769714057884e-04	5.647062565778374239e-04	1.074968769714057884e-04
6.693650000000000091e+02	5.458687245882334069e-04	1.015311050031512756e-04	5.467441885414633072e-04	1.015311050031512756e-04
6.801910000000000309e+02	5.281119713124442661e-04	9.603249635628725335e-05	5.289267758268611803e-04	9.603249635628725335e-05
6.911929999999999836e+02	5.098125850476443403e-04	9.094446604869410480e-05	5.105711529013222741e-04	9.094446604869410480e-05
6.966000000000000227e+02	4.937016566656513613e-04	8.859461279768108752e-05	4.944344062624817480e-04	8.859461279768108752e-05
6.967999999999999545e+02	4.934352262577214017e-04	9.475619224775317024e-05	4.941670425936539731e-04	9.475619224775317024e-05
7.023719999999999573e+02	4.945728313829445650e-04	9.223804683273683291e-05	4.952792475189040809e-04	9.223804683273683291e-05
7.137329999999999472e+02	4.818053797948256608e-04	8.713494350370339797e-05	4.824634020517906555e-04	8.713494350370339797e-05
7.252770000000000437e+02	4.681150844354152701e-04	8.215244009460460754e-05	4.687281887858447201e-04	8.215244009460460754e-05
7.370080000000000382e+02	4.543458489955791218e-04	7.745535977241537373e-05	4.549172412606676346e-04	7.745535977241537373e-05
7.489279999999999973e+02	4.407489770415960414e-04	7.302733417511705276e-05	4.412816227477542623e-04	7.302733417511705276e-05
7.610420000000000300e+02	4.274094190908484642e-04	6.885229018772344391e-05	4.279060540657838923e-04	6.885229018772344391e-05
7.733509999999999991e+02	4.143695425133397427e-04	6.491556991600627182e-05	4.148327036682303076e-04	6.491556991600627182e-05
7.858590000000000373e+02	4.016478229773751975e-04	6.120319404689932052e-05	4.020798558898775908e-04	6.120319404689932052e-05
7.985700000000000500e+02	3.892529725810281709e-04	5.770244255204769239e-05	3.896560475363217732e-04	5.770244255204769239e-05
8.114859999999999900e+02	3.771901035803285713e-04	5.440182883211027457e-05	3.775662340599428377e-04	5.440182883211027457e-05
8.246109999999999900e+02	3.654593359082946680e-04	5.129030805095837733e-05	3.658103867190033872e-04	5.129030805095837733e-05
8.379489999999999554e+02	3.540599944955342558e-04	4.835699706896431444e-05	3.543876938461096976e-04	4.835699706896431444e-05
8.515019999999999527e+02	3.429891179721499309e-04	4.558732091410593333e-05	3.432950715068191008e-04	4.558732091410593333e-05
8.652740000000000009e+02	3.322382338570562237e-04	4.297143250085090778e-05	3.325239307796757607e-04	4.297143250085090778e-05
8.792690000000000055e+02	3.217988812059249457e-04	4.050157561633412902e-05	3.220657034809582334e-04	4.050157561633412902e-05
8.934909999999999854e+02	3.116660145449056383e-04	3.817398655456781114e-05	3.119152452780008292e-04	3.817398655456781114e-05
9.079429999999999836e+02	3.018358390314420606e-04	3.597808486973360292e-05	3.020686711997853761e-04	3.597808486973360292e-05
9.226280000000000427e+02	2.923025454251894774e-04	3.390582779658083621e-05	2.925200885015822000e-04	3.390582779658083621e-05
9.375510000000000446e+02	2.830546479434347773e-04	3.194465712039057663e-05	2.832579321682528271e-04	3.194465712039057663e-05
9.527150000000000318e+02	2.740831252683341153e-04	3.009545841222205690e-05	2.742731095574221702e-04	3.009545841222205690e-05
9.681240000000000236e+02	2.653829813910550521e-04	2.835214270350878854e-05	2.655605576805162129e-04	2.835214270350878854e-05
9.837830000000000155e+02	2.569475962202344703e-04	2.670932173122431843e-05	2.571135937387528819e-04	2.670932173122431843e-05
9.996950000000000500e+02	2.487715314416560431e-04	2.516119409785672284e-05	2.489267228155901592e-04	2.516119409785672284e-05
1.015860000000000014e+03	2.408502737326541647e-04	2.370237882772159056e-05	2.409953807415064710e-04	2.370237882772159056e-05
1.032289999999999964e+03	2.331752665816760753e-04	2.232764515981882963e-05	2.333109566580383236e-04	2.232764515981882963e-05
1.048990000000000009e+03	2.257384602766016762e-04	2.102544718070483215e-05	2.258653551220966664e-04	2.102544718070483215e-05
1.065960000000000036e+03	2.185289663735524477e-04	1.979208086726959613e-05	2.186476476314686446e-04	1.979208086726959613e-05
1.083200000000000045e+03	2.115416439834663382e-04	1.863173792725382941e-05	2.116526555666570295e-04	1.863173792725382941e-05
1.100720000000000027e+03	2.047708365406493392e-04	1.753904031255179859e-05	2.048746829443612370e-04	1.753904031255179859e-05
1.118519999999999982e+03	1.982121070730829496e-04	1.651001350227362930e-05	1.983092603787696808e-04	1.651001350227362930e-05
1.136609999999999900e+03	1.918578595075412605e-04	1.554185640320679266e-05	1.919487579494177194e-04	1.554185640320679266e-05
1.155000000000000000e+03	1.857013029640803398e-04	1.463020935167519691e-05	1.857863537982356488e-04	1.463020935167519691e-05
1.173680000000000064e+03	1.797414273459091742e-04	1.377213201871051975e-05	1.798210150324925424e-04	1.377213201871051975e-05
1.192660000000000082e+03	1.739708178387246564e-04	1.296465694081689871e-05	1.740452993967849026e-04	1.296465694081689871e-05
1.211950000000000045e+03	1.683826506744985629e-04	1.220412210999775591e-05	1.684523579829419883e-04	1.220412210999775591e-05
1.231549999999999955e+03	1.629731170090176955e-04	1.148781544182999821e-05	1.630383610571749145e-04	1.148781544182999821e-05
1.251470000000000027e+03	1.577351359583413395e-04	1.081174983082322782e-05	1.577962059999527239e-04	1.081174983082322782e-05
1.271720000000000027e+03	1.526616335944875930e-04	1.017355731167762735e-05	1.527187989104539971e-04	1.017355731167762735e-05
1.292289999999999964e+03	1.477502105573377735e-04	9.571020141917331215e-06	1.478037254498589382e-04	9.571020141917331215e-06
1.313190000000000055e+03	1.429942457227728516e-04	9.003931283878155870e-06	1.430443467350089447e-04	9.003931283878155870e-06
1.334430000000000064e+03	1.383886895328054504e-04	8.470363774055071884e-06	1.384355968797283264e-04	8.470363774055071884e-06
1.356009999999999991e+03	1.339303176961174468e-04	7.968374813554954624e-06	1.339742378853978511e-04	7.968374813554954624e-06
1.377940000000000055e+03	1.296137949742572613e-04	7.496175734050009432e-06	1.296549203315715477e-04	7.496175734050009432e-06
1.400230000000000018e+03	1.254341182097277107e-04	7.051832926132289800e-06	1.254726279895051046e-04	7.051832926132289800e-06
1.422880000000000109e+03	1.213880830048752008e-04	6.633688698608890468e-06	1.214241454338777041e-04	6.633688698608890468e-06
1.445890000000000100e+03	1.174724497197968327e-04	6.240464355812203150e-06	1.175062225826520128e-04	6.240464355812203150e-06
1.469279999999999973e+03	1.136809246871908134e-04	5.870467970142473925e-06	1.137125541366574975e-04	5.870467970142473925e-06
1.493039999999999964e+03	1.100122511442592685e-04	5.522421106312450935e-06	1.100418752355225246e-04	5.522421106312450935e-06
1.517190000000000055e+03	1.064601479351797521e-04	5.194463830216034341e-06	1.064878945954581219e-04	5.194463830216034341e-06
1.541730000000000018e+03	1.030216612632611501e-04	4.885931479391305123e-06	1.030476506178219109e-04	4.885931479391305123e-06
1.566670000000000073e+03	9.969281775307506051e-05	4.595688019537725897e-06	9.971716189943310364e-05	4.595688019537725897e-06
1.592009999999999991e+03	9.647098933540051199e-05	4.322693996191329450e-06	9.649379352205311928e-05	4.322693996191329450e-06
1.617759999999999991e+03	9.335230310332838933e-05	4.065931601775496856e-06	9.337366555238901398e-05	4.065931601775496856e-06
1.643920000000000073e+03	9.033422630237617726e-05	3.824495878128116331e-06	9.035423922338268966e-05	3.824495878128116331e-06
1.670509999999999991e+03	8.741205724754390013e-05	3.597369199105305503e-06	8.743080624317234382e-05	3.597369199105305503e-06
1.697529999999999973e+03	8.458354325977410714e-05	3.383736958540539919e-06	8.460110876221957961e-05	3.383736958540539919e-06
1.724990000000000009e+03	8.184573579738234632e-05	3.182807830579813184e-06	8.186219294520034071e-05	3.182807830579813184e-06
1.752890000000000100e+03	7.919580372238851842e-05	2.992439702393273749e-06	7.921122309698853969e-05	2.992439702393273749e-06
1.781240000000000009e+03	7.662980405339798735e-05	2.813016179882631130e-06	7.664425158611849504e-05	2.813016179882631130e-06
1.810049999999999955e+03	7.414479287525023725e-05	2.644031659983701901e-06	7.415833018029035280e-05	2.644031659983701901e-06
1.839319999999999936e+03	7.173875811786158878e-05	2.485227031348797001e-06	7.175144307704736690e-05	2.485227031348797001e-06
1.869069999999999936e+03	6.940820214500225847e-05	2.335951045620452410e-06	6.942008858594437572e-05	2.335951045620452410e-06
1.899299999999999955e+03	6.715121965476084608e-05	2.195651059765197310e-06	6.716235817473010107e-05	2.195651059765197310e-06
1.930019999999999982e+03	6.496511091266560668e-05	2.063780215478680719e-06	6.497554882315764941e-05	2.063780215478680719e-06
1.961240000000000009e+03	6.284724209522632909e-05	1.939826989601914327e-06	6.285702364951389095e-05	1.939826989601914327e-06
1.992960000000000036e+03	6.079552519777135723e-05	1.823323334981891520e-06	6.080469198714300434e-05	1.823323334981891520e-06
2.025200000000000045e+03	5.880742996808698084e-05	1.714541531713257693e-06	5.881602071418144906e-05	1.714541531713257693e-06
2.057949999999999818e+03	5.688125730478693984e-05	1.610971020547824514e-06	5.688930857382120245e-05	1.610971020547824514e-06
2.091239999999999782e+03	5.501233111499919661e-05	1.513487922472478169e-06	5.501987680057079727e-05	1.513487922472478169e-06
2.125059999999999945e+03	5.319931077991342435e-05	1.421800878632568117e-06	5.320638289657237741e-05	1.421800878632568117e-06
2.159429999999999836e+03	5.143874518118469346e-05	1.335550557740383744e-06	5.144537354991075026e-05	1.335550557740383744e-06
2.194360000000000127e+03	4.972740846764069956e-05	1.254403084546452691e-06	4.973362100966950293e-05	1.254403084546452691e-06
2.229849999999999909e+03	4.806194028089382913e-05	1.178067388630808373e-06	4.806776324875057076e-05	1.178067388630808373e-06
2.265920000000000073e+03	4.643703056340566383e-05	1.106275248807552633e-06	4.644248843048929810e-05	1.106275248807552633e-06
2.302570000000000164e+03	4.484636310299013658e-05	1.038753710728437659e-06	4.485147888522207372e-05	1.038753710728437659e-06
2.339809999999999945e+03	4.327905905244102769e-05	9.752578715249928923e-07	4.328385429821926203e-05	9.752578715249928923e-07
2.377659999999999854e+03	4.171372471689323221e-05	9.155076899221255991e-07	4.171821952750385756e-05	9.155076899221255991e-07
2.416110000000000127e+03	4.009699967177038848e-05	8.593588774364985139e-07	4.010121302594046237e-05	8.593588774364985139e-07
2.455190000000000055e+03	3.815257406171525435e-05	8.065557062799333562e-07	3.815652359336646374e-05	8.065557062799333562e-07
2.471900000000000091e+03	3.451730832416085491e-05	7.853107357578208979e-07	3.452115137570961227e-05	7.853107357578208979e-07
2.472099999999999909e+03	3.451224023881779607e-05	2.601394895301274794e-06	3.451608203783046723e-05	2.601394895301274794e-06
2.494900000000000091e+03	3.716693396292523698e-05	2.518017330106231319e-06	3.717063626109318088e-05	2.518017330106231319e-06
2.535260000000000218e+03	3.657292291752032231e-05	2.378833499101097261e-06	3.657639346764976181e-05	2.378833499101097261e-06
2.576260000000000218e+03	3.569644667711202428e-05	2.246927646199098219e-06	3.569970009817660032e-05	2.246927646199098219e-06
2.617929999999999836e+03	3.474960326043644612e-05	2.121981707495739583e-06	3.475265314667528964e-05	2.121981707495739583e-06
2.660269999999999982e+03	3.378305435193573790e-05	2.003737716634878717e-06	3.378591349239354059e-05	2.003737716634878717e-06
2.703300000000000182e+03	3.281661365339462466e-05	1.891730128731300772e-06	3.281929399182636543e-05	1.891730128731300772e-06
2.747030000000000200e+03	3.186007704626520439e-05	1.785663689687211599e-06	3.186258978146426106e-05	1.785663689687211599e-06
2.791460000000000036e+03	3.091906215873193079e-05	1.685313766459557882e-06	3.092141782499404945e-05	1.685313766459557882e-06
2.836610000000000127e+03	2.999658946870278789e-05	1.590437175045652656e-06	2.999879790600296087e-05	1.590437175045652656e-06
2.882489999999999782e+03	2.909454151579683672e-05	1.500612348091398226e-06	2.909661195046454903e-05	1.500612348091398226e-06
2.929110000000000127e+03	2.821403931145655708e-05	1.415733650462639593e-06	2.821598039409686876e-05	1.415733650462639593e-06
2.976480000000000018e+03	2.735576350806724348e-05	1.335457817854386614e-06	2.735758334943633809e-05	1.335457817854386614e-06
3.024630000000000109e+03	2.651963637228860654e-05	1.259526154018445811e-06	2.652134253135591890e-05	1.259526154018445811e-06
3.073550000000000182e+03	2.570612880676272514e-05	1.187812985155473396e-06	2.570772841974497587e-05	1.187812985155473396e-06
3.123260000000000218e+03	2.491501747390665101e-05	1.120028437208230344e-06	2.491651721134880570e-05	1.120028437208230344e-06
3.173780000000000200e+03	2.414597864676962046e-05	1.055996246265694827e-06	2.414738474715053562e-05	1.055996246265694827e-06
3.225110000000000127e+03	2.339889292973352947e-05	9.954712162352392839e-07	2.340021126314644512e-05	9.954712162352392839e-07
3.277269999999999982e+03	2.267328569329161303e-05	9.383394969762105489e-07	2.267452174919432835e-05	9.383394969762105489e-07
3.330280000000000200e+03	2.196871664177392887e-05	8.844016935130750194e-07	2.196987555603809465e-05	8.844016935130750194e-07
3.384150000000000091e+03	2.128480205073904422e-05	8.334437756908758717e-07	2.128588864340103556e-05	8.334437756908758717e-07
3.438880000000000109e+03	2.062123313402328763e-05	7.853387438063234416e-07	2.062225193999108968e-05	7.853387438063234416e-07
3.494500000000000000e+03	1.997735535030910304e-05	7.399390705235068685e-07	1.997831060046706257e-05	7.399390705235068685e-07
3.551019999999999982e+03	1.935275386495914618e-05	6.970871649918850969e-07	1.935364953039296439e-05	6.970871649918850969e-07
3.608460000000000036e+03	1.874688829157984235e-05	6.566465633691811298e-07	1.874772808956139800e-05	6.566465633691811298e-07
3.666820000000000164e+03	1.815943313803937504e-05	6.184993093690769458e-07	1.816022056669808692e-05	6.184993093690769458e-07
3.726130000000000109e+03	1.758975775738923249e-05	5.825093085278139936e-07	1.759049608260599315e-05	5.825093085278139936e-07
3.786400000000000091e+03	1.703743861507731603e-05	5.485587108390052610e-07	1.703813090294876759e-05	5.485587108390052610e-07
3.847639999999999873e+03	1.650204901379079373e-05	5.165404344366151808e-07	1.650269814232830300e-05	5.165404344366151808e-07
3.909869999999999891e+03	1.598308053746845108e-05	4.863454582800232149e-07	1.598368920144221987e-05	4.863454582800232149e-07
3.973110000000000127e+03	1.548003663880255794e-05	4.578738574678676201e-07	1.548060736197599073e-05	4.578738574678676201e-07
4.037380000000000109e+03	1.499246037674877911e-05	4.310532364434551240e-07	1.499299552346337300e-05	4.310532364434551240e-07
4.102680000000000291e+03	1.452003195361084551e-05	4.057509008038683858e-07	1.452053374912353262e-05	4.057509008038683858e-07
4.169029999999999745e+03	1.406226546265782050e-05	3.819018709583993096e-07	1.406273599075952296e-05	3.819018709583993096e-07
4.236460000000000036e+03	1.361865331431933438e-05	3.594287108211057606e-07	1.361909452272827216e-05	3.594287108211057606e-07
4.304979999999999563e+03	1.318883402609787404e-05	3.382518136454510837e-07	1.318924774412478939e-05	3.382518136454510837e-07
4.374619999999999891e+03	1.277232818262534795e-05	3.182971449120671320e-07	1.277271612084491933e-05	3.182971449120671320e-07
4.445369999999999891e+03	1.236890428749388908e-05	2.995014063619883378e-07	1.236926805945976923e-05	2.995014063619883378e-07
4.517270000000000437e+03	1.197804546483929031e-05	2.817940566882630071e-07	1.197838657577872023e-05	2.817940566882630071e-07
4.590329999999999927e+03	1.159942290192342624e-05	2.651170860631249172e-07	1.159974276575517402e-05	2.651170860631249172e-07
4.664579999999999927e+03	1.123261182544890951e-05	2.494058762018236821e-07	1.123291176474371394e-05	2.494058762018236821e-07
4.740029999999999745e+03	1.087730081502290135e-05	2.346110952503096802e-07	1.087758207231299818e-05	2.346110952503096802e-07
4.816689999999999600e+03	1.053318101268143414e-05	2.206794849319432579e-07	1.053344475494336447e-05	2.206794849319432579e-07
4.894600000000000364e+03	1.019982337119358803e-05	2.075636825089021621e-07	1.020007068805229872e-05	2.075636825089021621e-07
4.973770000000000437e+03	9.876944862959754121e-06	1.952129993378643287e-07	9.877176778285281860e-06	1.952129993378643287e-07
5.054210000000000036e+03	9.564261400453666410e-06	1.835871840001858912e-07	9.564478875995330835e-06	1.835871840001858912e-07
5.135960000000000036e+03	9.261387005432386753e-06	1.726437618232906672e-07	9.261590939527266823e-06	1.726437618232906672e-07
5.219029999999999745e+03	8.968062646766712174e-06	1.623431243505794324e-07	8.968253883601966692e-06	1.623431243505794324e-07
5.303439999999999600e+03	8.683994880350497418e-06	1.526458731501302819e-07	8.684174211546635626e-06	1.526458731501302819e-07
5.389220000000000255e+03	8.408870694753866807e-06	1.435213426300453954e-07	8.409038861480182681e-06	1.435213426300453954e-07
5.476390000000000327e+03	8.142420118909012559e-06	1.349314572415321289e-07	8.142577816383349084e-06	1.349314572415321289e-07
5.564970000000000255e+03	7.884382438929267445e-06	1.268526159673206627e-07	7.884530319379230243e-06	1.268526159673206627e-07
5.654979999999999563e+03	7.634504323379292073e-06	1.192483857973774709e-07	7.634642998610863268e-06	1.192483857973774709e-07
5.746439999999999600e+03	7.392537406157870326e-06	1.120959335621350650e-07	7.392667450087029932e-06	1.120959335621350650e-07
5.839390000000000327e+03	7.158194008948486104e-06	1.053661234350017125e-07	7.158315958206306952e-06	1.053661234350017125e-07
5.933829999999999927e+03	6.931295065560194788e-06	9.903622519604908086e-08	6.931409425366085971e-06	9.903622519604908086e-08
6.029810000000000400e+03	6.711544908950546184e-06	9.307897535360417197e-08	6.711652150998121503e-06	9.307897535360417197e-08
6.127329999999999927e+03	6.498776820029177448e-06	8.748013260698018585e-08	6.498877388402851701e-06	8.748013260698018585e-08
6.226439999999999600e+03	6.292719895953633499e-06	8.221114293889781922e-08	6.292814205408415451e-06	8.221114293889781922e-08
6.327149999999999636e+03	6.093193029938495113e-06	7.725434620358871908e-08	6.093281470382242759e-06	7.725434620358871908e-08
6.429479999999999563e+03	5.900002091332639486e-06	7.259541356720418995e-08	5.900085028640678738e-06	7.259541356720418995e-08
6.533479999999999563e+03	5.712906375352654452e-06	6.821400946267804680e-08	5.712984151421694484e-06	6.821400946267804680e-08
6.639149999999999636e+03	5.531760905297842279e-06	6.409351810424608184e-08	5.531833842005681756e-06	6.409351810424608184e-08
6.746539999999999964e+03	5.356338888916805064e-06	6.021859283953300693e-08	5.356407287074666739e-06	6.021859283953300693e-08
6.855649999999999636e+03	5.186503540216602363e-06	5.657583707698221966e-08	5.186567682998109641e-06	5.657583707698221966e-08
6.966539999999999964e+03	5.022031008082981470e-06	5.315243663633344052e-08	5.022091159833172486e-06	5.315243663633344052e-08
7.079220000000000255e+03	4.862779861660423069e-06	4.993227603665012501e-08	4.862836270911629283e-06	4.993227603665012501e-08
7.193720000000000255e+03	4.708582657735559378e-06	4.690590400136382804e-08	4.708635557513496180e-06	4.690590400136382804e-08
7.310069999999999709e+03	4.559278372103074186e-06	4.405968355317262114e-08	4.559327980885483136e-06	4.405968355317262114e-08
7.428310000000000400e+03	4.414700152075219888e-06	4.138557903806516329e-08	4.414746674477381801e-06	4.138557903806516329e-08
7.548449999999999818e+03	4.274723205399422752e-06	3.887151861875132521e-08	4.274766833799574957e-06	3.887151861875132521e-08
7.670539999999999964e+03	4.139179011015428172e-06	3.650909626012788490e-08	4.139219925354825776e-06	3.650909626012788490e-08
7.794609999999999673e+03	4.007930788815391684e-06	3.428990457137610050e-08	4.007969157891225437e-06	3.428990457137610050e-08
7.920680000000000291e+03	3.880854920387263814e-06	3.220363461340058503e-08	3.880890902700970382e-06	3.220363461340058503e-08
8.048789999999999964e+03	3.757810381718756276e-06	3.024259004178751338e-08	3.757844125792583677e-06	3.024259004178751338e-08
8.178979999999999563e+03	3.638663387959171907e-06	2.840006051700202975e-08	3.638695032936307860e-06	2.840006051700202975e-08
8.311260000000000218e+03	3.523311358489796079e-06	2.666878590525149346e-08	3.523341035206186976e-06	2.666878590525149346e-08
8.445690000000000509e+03	3.411611484503516007e-06	2.504217663221389074e-08	3.411639315283048419e-06	2.504217663221389074e-08
8.582290000000000873e+03	3.303460132505405096e-06	2.351364060713663894e-08	3.303486232250054118e-06	2.351364060713663894e-08
8.721110000000000582e+03	3.198733351966244718e-06	2.207759494356038569e-08	3.198757828261650271e-06	2.207759494356038569e-08
8.862159999999999854e+03	3.097341513722650503e-06	2.072853287292003724e-08	3.097364467733358314e-06	2.072853287292003724e-08
9.005500000000000000e+03	2.999161612420050939e-06	1.946100334071256326e-08	2.999183138762953116e-06	1.946100334071256326e-08
9.151159999999999854e+03	2.904096772028452692e-06	1.827041605347408438e-08	2.904116959505451315e-06	1.827041605347408438e-08
9.299170000000000073e+03	2.812052888878592050e-06	1.715210774838683644e-08	2.812071820843121341e-06	1.715210774838683644e-08
9.449579999999999927e+03	2.722926658718239620e-06	1.610151196625216339e-08	2.722944413225841294e-06	1.610151196625216339e-08
9.602420000000000073e+03	2.636630705806189213e-06	1.511491864346576755e-08	2.636647356113749887e-06	1.511491864346576755e-08
9.757729999999999563e+03	2.553074636510162081e-06	1.418808934651216044e-08	2.553090251329014342e-06	1.418808934651216044e-08
9.915549999999999272e+03	2.472171237536837175e-06	1.331769645542457491e-08	2.472185881282218406e-06	1.331769645542457491e-08
1.007589999999999964e+04	2.393845955504421464e-06	1.250022712490811789e-08	2.393859688707574428e-06	1.250022712490811789e-08
1.023889999999999964e+04	2.317979985228519543e-06	1.173241131365992748e-08	2.317992864228036125e-06	1.173241131365992748e-08
1.040450000000000000e+04	2.244537907783654804e-06	1.101143485381603955e-08	2.244549985897058094e-06	1.101143485381603955e-08
1.057279999999999927e+04	2.173417224830460355e-06	1.033430653262624520e-08	2.173428551774381382e-06	1.033430653262624520e-08
1.074379999999999927e+04	2.104562204652917395e-06	9.698554391645373171e-09	2.104572827239453186e-06	9.698554391645373171e-09
1.091760000000000036e+04	2.037878966396773250e-06	9.101506130718219691e-09	2.037888928309341589e-06	9.101506130718219691e-09
1.109420000000000073e+04	1.973315908212838121e-06	8.540924057899965238e-09	1.973325250592511541e-06	8.540924057899965238e-09
1.127360000000000036e+04	1.910820603709802463e-06	8.014653156881899918e-09	1.910829365267136501e-06	8.014653156881899918e-09
1.145589999999999964e+04	1.850307765279452470e-06	7.520551618348384009e-09	1.850315982130880829e-06	7.520551618348384009e-09
1.164120000000000073e+04	1.791698047411385843e-06	7.056586109386333905e-09	1.791705753287018961e-06	7.056586109386333905e-09
1.182950000000000000e+04	1.734946832643664946e-06	6.621018450354529895e-09	1.734954059323497355e-06	6.621018450354529895e-09
1.202079999999999927e+04	1.680008684330891261e-06	6.212140281771196373e-09	1.680015461715727042e-06	6.212140281771196373e-09
1.221529999999999927e+04	1.626784377980024540e-06	5.828211153254703868e-09	1.626790733788616244e-06	5.828211153254703868e-09
1.241279999999999927e+04	1.575286194437043461e-06	5.467929694005575610e-09	1.575292155178160253e-06	5.467929694005575610e-09
1.261360000000000036e+04	1.525394736118944817e-06	5.129658676085937843e-09	1.525400326161813103e-06	5.129658676085937843e-09
1.281760000000000036e+04	1.477096893165481297e-06	4.812159539282875018e-09	1.477102135640552176e-06	4.812159539282875018e-09
1.302500000000000000e+04	1.430308352975135568e-06	4.514079863274251750e-09	1.430313269357552142e-06	4.514079863274251750e-09
1.323560000000000036e+04	1.385036746306339598e-06	4.234410071961806643e-09	1.385041357092181185e-06	4.234410071961806643e-09
1.344970000000000073e+04	1.341181132887677320e-06	3.971862253027464360e-09	1.341185456951760883e-06	3.971862253027464360e-09
1.366720000000000073e+04	1.298728184006324702e-06	3.725482541506822380e-09	1.298732239257791624e-06	3.725482541506822380e-09
1.388829999999999927e+04	1.257605897693860315e-06	3.494230434230478646e-09	1.257609700754467354e-06	3.494230434230478646e-09
1.411289999999999964e+04	1.217800799726739710e-06	3.277219994909063134e-09	1.217804366358262929e-06	3.277219994909063134e-09
1.434120000000000073e+04	1.179246149867841670e-06	3.073550296017051000e-09	1.179249494709063819e-06	3.073550296017051000e-09
1.457310000000000036e+04	1.141928398080502985e-06	2.882459238569115594e-09	1.141931534999374855e-06	2.882459238569115594e-09
1.480889999999999964e+04	1.105770713840472916e-06	2.703097831018505786e-09	1.105773655655154896e-06	2.703097831018505786e-09
1.504839999999999964e+04	1.070775918830707737e-06	2.534828904636257671e-09	1.070778677747107228e-06	2.534828904636257671e-09
1.529179999999999927e+04	1.036886453271170041e-06	2.376933107240493195e-09	1.036889040651899030e-06	2.376933107240493195e-09
1.553910000000000036e+04	1.004075742268966565e-06	2.228788525640962465e-09	1.004078168801487192e-06	2.228788525640962465e-09
1.579039999999999964e+04	9.723045206746677539e-07	2.089792050497233476e-09	9.723067963607537413e-07	2.089792050497233476e-09
1.604579999999999927e+04	9.415356585491097260e-07	1.959378647103598024e-09	9.415377927450683750e-07	1.959378647103598024e-09
1.630539999999999964e+04	9.117339797527694100e-07	1.837005409950064836e-09	9.117359812238019497e-07	1.837005409950064836e-09
1.656909999999999854e+04	8.828874374938927423e-07	1.722228589817354263e-09	8.828893145389830914e-07	1.722228589817354263e-09
1.683709999999999854e+04	8.549510936894146314e-07	1.614540424699934878e-09	8.549528540306713202e-07	1.614540424699934878e-09
1.710940000000000146e+04	8.279031484022312035e-07	1.513530682615897862e-09	8.279047993077048216e-07	1.513530682615897862e-09
1.738609999999999854e+04	8.017122724922096081e-07	1.418777120459637515e-09	8.017138207694400015e-07	1.418777120459637515e-09
1.766740000000000146e+04	7.763399089083517923e-07	1.329874619801416873e-09	7.763413608973604542e-07	1.329874619801416873e-09
1.795309999999999854e+04	7.517841419481065424e-07	1.246507173668997117e-09	7.517855036825594543e-07	1.246507173668997117e-09
1.824350000000000000e+04	7.279995573319581827e-07	1.168298428062848289e-09	7.280008343978146503e-07	1.168298428062848289e-09
1.853859999999999854e+04	7.049680945942772704e-07	1.094943246972840263e-09	7.049692922597488124e-07	1.094943246972840263e-09
1.883840000000000146e+04	6.826713900105367962e-07	1.026153178836980459e-09	6.826725132272129566e-07	1.026153178836980459e-09
1.914309999999999854e+04	6.610770543285420523e-07	9.616343579376525155e-10	6.610781077102956805e-07	9.616343579376525155e-10
1.945270000000000073e+04	6.401683703570434034e-07	9.011325032829524036e-10	6.401693582540023588e-07	9.011325032829524036e-10
1.976740000000000146e+04	6.199157601020489215e-07	8.443785256424589594e-10	6.199166865718004477e-07	8.443785256424589594e-10
2.008709999999999854e+04	6.003101691113005902e-07	7.915123789398205414e-10	6.003110379842592825e-07	7.915123789398205414e-10
2.041200000000000000e+04	5.813236933864465228e-07	7.414826172643033988e-10	5.813245082421119945e-07	7.414826172643033988e-10
2.074209999999999854e+04	5.629411418243178464e-07	6.946026718672494561e-10	5.629419060266057440e-07	6.946026718672494561e-10
2.107759999999999854e+04	5.451372038190540079e-07	6.506667600233454451e-10	5.451379205115083689e-07	6.506667600233454451e-10
2.141850000000000000e+04	5.278981734642965561e-07	6.094971589012105789e-10	5.278988456022330153e-07	6.094971589012105789e-10
2.176500000000000000e+04	5.112007312367502381e-07	5.709136592447102900e-10	5.112013615790749598e-07	5.709136592447102900e-10
2.211700000000000000e+04	4.950366404708239573e-07	5.347656608087379042e-10	4.950372316300820595e-07	5.347656608087379042e-10
2.247470000000000073e+04	4.793838054383634066e-07	5.008938430270569651e-10	4.793843598473420399e-07	5.008938430270569651e-10
2.283820000000000073e+04	4.642257368202634892e-07	4.691538284590125415e-10	4.642262567652561972e-07	4.691538284590125415e-10
2.320759999999999854e+04	4.495465740328296853e-07	4.394143327717372076e-10	4.495470616532110350e-07	4.394143327717372076e-10
2.358300000000000000e+04	4.353310499823563749e-07	4.115477369601593326e-10	4.353315072837679836e-07	4.115477369601593326e-10
2.396440000000000146e+04	4.215679767251030300e-07	3.854414311328360246e-10	4.215684056011215679e-07	3.854414311328360246e-10
2.435200000000000000e+04	4.082393202648319214e-07	3.609805032569162138e-10	4.082397224771424526e-07	3.609805032569162138e-10
2.474590000000000146e+04	3.953314279551680538e-07	3.380627037083778148e-10	3.953318051642261525e-07	3.380627037083778148e-10
2.514620000000000073e+04	3.828311208460617517e-07	3.165902159394254193e-10	3.828314745985468267e-07	3.165902159394254193e-10
2.555290000000000146e+04	3.707285733845469727e-07	2.964760133568533022e-10	3.707289051503464788e-07	2.964760133568533022e-10
2.596620000000000073e+04	3.590083063034182455e-07	2.776313420443441326e-10	3.590086174436751125e-07	2.776313420443441326e-10
2.638609999999999854e+04	3.476610832307353635e-07	2.599792162403717356e-10	3.476613750318237582e-07	2.599792162403717356e-10
2.681290000000000146e+04	3.366700197579287068e-07	2.434408105847403119e-10	3.366702934152184762e-07	2.434408105847403119e-10
2.724659999999999854e+04	3.260267708559774013e-07	2.279479012699558943e-10	3.260270275004815702e-07	2.279479012699558943e-10
2.768729999999999927e+04	3.157205760948512217e-07	2.134353035784191728e-10	3.157208167842742309e-07	2.134353035784191728e-10
2.813509999999999854e+04	3.057410147806243556e-07	1.998410987732552144e-10	3.057412405072853669e-07	1.998410987732552144e-10
2.859020000000000073e+04	2.960759202082121976e-07	1.871070200827823997e-10	2.960761319007956992e-07	1.871070200827823997e-10
2.905259999999999854e+04	2.867177792700955194e-07	1.751798509251202061e-10	2.867179778034363033e-07	1.751798509251202061e-10
2.952250000000000000e+04	2.776552140569450349e-07	1.640079957509509013e-10	2.776554002482069138e-07	1.640079957509509013e-10
3.000000000000000000e+04	2.688792340100041310e-07	1.535440265384038778e-10	2.688794086274979747e-07	1.535440265384038778e-10
3.000019999999999709e+04	2.688756457620359316e-07	1.535664889908159188e-10	2.688758203748757528e-07	1.535664889908159188e-10
9.999989999999999418e+04	2.417656306822670895e-08	9.887444180771318005e-13	2.417656448273058690e-08	9.887444180771318005e-13
1.000001000000000058e+05	2.417646634965496625e-08	1.000800125516576118e-12	2.417646776402608171e-08	1.000800125516576118e-12
5.000000000000000000e+05	9.669400189123150444e-10	1.571343002302780693e-15	9.669400212033766257e-10	1.571343002302780693e-15
