259.9977	-0.069017038
260.0477	-0.067808576
260.0977	-0.066602394
260.1477	-0.065398574
260.1977	-0.066263221
260.2477	-0.067151554
260.2977	-0.068038419
260.3477	-0.068923824
260.3977	-0.069807805
260.4477	-0.069750793
260.4977	-0.069642857
260.5477	-0.069535173
260.5977	-0.069427639
260.6477	-0.069320403
260.6977	-0.068853199
260.7477	-0.068328574
260.7977	-0.067804821
260.8477	-0.067281976
260.8977	-0.066759974
260.9477	-0.066652909
260.9977	-0.066548772
261.0477	-0.066444911
261.0977	-0.066341221
261.1477	-0.066237725
261.1977	-0.066081308
261.2477	-0.065920845
261.2977	-0.06576062
261.3477	-0.065600693
261.3977	-0.065440759
261.4477	-0.064688578
261.4977	-0.063938081
261.5477	-0.06318929
261.5977	-0.062442172
261.6477	-0.061696783
261.6977	-0.063375913
261.7477	-0.065285161
261.7977	-0.06719172
261.8477	-0.069095612
261.8977	-0.070974529
261.9477	-0.069934838
261.9977	-0.068897977
262.0477	-0.067863949
262.0977	-0.066832714
262.1477	-0.065804251
262.1977	-0.066532366
262.2477	-0.067373782
262.2977	-0.068214051
262.3477	-0.069053181
262.3977	-0.06989114
262.4477	-0.068121664
262.4977	-0.06629359
262.5477	-0.064468831
262.5977	-0.062647395
262.6477	-0.060843043
262.6977	-0.061679598
262.7477	-0.062514819
262.7977	-0.063348778
262.8477	-0.064181454
262.8977	-0.06501288
262.9477	-0.064106047
262.9977	-0.062937953
263.0477	-0.06177203
263.0977	-0.060608264
263.1477	-0.05948193
263.1977	-0.059364852
263.2477	-0.059248019
263.2977	-0.059131362
263.3477	-0.059014883
263.3977	-0.058898646
263.4477	-0.058383908
263.4977	-0.057813969
263.5477	-0.057244539
263.5977	-0.056675646
263.6477	-0.05610726
263.6977	-0.056258067
263.7477	-0.056419332
263.7977	-0.05658035
263.8477	-0.056741145
263.8977	-0.05691107
263.9477	-0.058735721
263.9977	-0.060557239
264.0477	-0.062375586
264.0977	-0.064190798
264.1477	-0.066002838
264.1977	-0.065108329
264.2477	-0.063909441
264.2977	-0.062712185
264.3477	-0.061516602
264.3977	-0.060356941
264.4477	-0.05976367
264.4977	-0.059170637
264.5477	-0.058577854
264.5977	-0.057985358
264.6477	-0.057393104
264.6977	-0.057451408
264.7477	-0.05752952
264.7977	-0.057607543
264.8477	-0.057685543
264.8977	-0.05776348
264.9477	-0.056676112
264.9977	-0.055479284
265.0477	-0.054283742
265.0977	-0.0530896
265.1477	-0.05186291
265.1977	-0.043906424
265.2477	-0.035958569
265.2977	-0.028019331
265.3477	-0.020088686
265.3977	-0.012166633
265.4477	0.00019360583
265.4977	0.012666018
265.5477	0.025106188
265.5977	0.037514232
265.6477	0.049890306
265.6977	0.047747858
265.7477	0.044393238
265.7977	0.041046679
265.8477	0.037708201
265.8977	0.034377716
265.9477	0.022742286
265.9977	0.011020148
266.0477	-0.00067392434
266.0977	-0.01234013
266.1477	-0.023649286
266.1977	-0.027280714
266.2477	-0.030906836
266.2977	-0.034527652
266.3477	-0.038143139
266.3977	-0.041753385
266.4477	-0.042568713
266.4977	-0.043161653
266.5477	-0.04375333
266.5977	-0.04434374
266.6477	-0.044932839
266.6977	-0.03926767
266.7477	-0.033367015
266.7977	-0.027472664
266.8477	-0.021584593
266.8977	-0.015702831
266.9477	-0.012317262
266.9977	-0.0089615108
267.0477	-0.0056093121
267.0977	-0.002260755
267.1477	0.00086017331
267.1977	-0.00054385699
267.2477	-0.0019461554
267.2977	-0.0033467442
267.3477	-0.0047456012
267.3977	-0.0061427481
267.4477	-0.0075139618
267.4977	-0.0088813566
267.5477	-0.010247885
267.5977	-0.01161357
267.6477	-0.012978344
267.6977	-0.011637883
267.7477	-0.010226037
267.7977	-0.0088157458
267.8477	-0.0074068974
267.8977	-0.005999492
267.9477	-0.0069131833
267.9977	-0.007915088
268.0477	-0.0089165494
268.0977	-0.0099176327
268.1477	-0.010918272
268.1977	-0.0092960047
268.2477	-0.0076329722
268.2977	-0.0059723598
268.3477	-0.0043141893
268.3977	-0.0026584619
268.4477	-0.0010519368
268.4977	0.00055167958
268.5477	0.0021526536
268.5977	0.0037509857
268.6477	0.0053466531
268.6977	0.0063505345
268.7477	0.0073259729
268.7977	0.0082998574
268.8477	0.0092721432
268.8977	0.010242808
268.9477	0.011870982
268.9977	0.013563323
269.0477	0.01525351
269.0977	0.016941566
269.1477	0.018640367
269.1977	0.021218047
269.2477	0.023792526
269.2977	0.026363788
269.3477	0.028931875
269.3977	0.031414587
269.4477	0.031181742
269.4977	0.03094925
269.5477	0.030717092
269.5977	0.030485244
269.6477	0.030253729
269.6977	0.031719375
269.7477	0.033265907
269.7977	0.034809906
269.8477	0.03635142
269.8977	0.037890401
269.9477	0.037225656
269.9977	0.03634074
270.0477	0.035457246
270.0977	0.034575216
270.1477	0.033694632
270.1977	0.033070095
270.2477	0.032463875
270.2977	0.031858724
270.3477	0.031254724
270.3977	0.030651813
270.4477	0.029528189
270.4977	0.028382052
270.5477	0.027237535
270.5977	0.026094683
270.6477	0.024957048
270.6977	0.024332313
270.7477	0.023708886
270.7977	0.023086704
270.8477	0.022465743
270.8977	0.02184709
270.9477	0.02136128
270.9977	0.020876026
271.0477	0.020391371
271.0977	0.01990727
271.1477	0.01942377
271.1977	0.0199892
271.2477	0.020599749
271.2977	0.02120921
271.3477	0.021817582
271.3977	0.0224248
271.4477	0.023123961
271.4977	0.02382401
271.5477	0.024523217
271.5977	0.025221579
271.6477	0.025919143
271.6977	0.024467597
271.7477	0.023009991
271.7977	0.021554982
271.8477	0.020102527
271.8977	0.018652646
271.9477	0.019867148
271.9977	0.021191891
272.0477	0.022515278
272.0977	0.023837421
272.1477	0.025158212
272.1977	0.023493402
272.2477	0.021823687
272.2977	0.020156236
272.3477	0.018491073
272.3977	0.016828151
272.4477	0.018365934
272.4977	0.020094557
272.5477	0.02181978
272.5977	0.023541672
272.6477	0.025260191
272.6977	0.025308507
272.7477	0.025212964
272.7977	0.02511749
272.8477	0.025022082
272.8977	0.024926696
272.9477	0.024022153
272.9977	0.023097051
273.0477	0.022173991
273.0977	0.021252839
273.1477	0.020333687
273.1977	0.021788517
273.2477	0.02330363
273.2977	0.024816701
273.3477	0.026327707
273.3977	0.027836693
273.4477	0.028230336
273.4977	0.028585058
273.5477	0.02893929
273.5977	0.029293034
273.6477	0.029646313
273.6977	0.028752826
273.7477	0.02779373
273.7977	0.026835121
273.8477	0.025877135
273.8977	0.024919659
273.9477	0.023246458
273.9977	0.02155032
274.0477	0.019856824
274.0977	0.018165993
274.1477	0.016521301
274.1977	0.01773891
274.2477	0.018954879
274.2977	0.020169204
274.3477	0.02138193
274.3977	0.022560129
274.4477	0.021240538
274.4977	0.01992248
274.5477	0.018605886
274.5977	0.017290825
274.6477	0.01597956
274.6977	0.015802754
274.7477	0.015626149
274.7977	0.015449744
274.8477	0.015273537
274.8977	0.015097487
274.9477	0.014323722
274.9977	0.013512322
275.0477	0.01270212
275.0977	0.011893163
275.1477	0.01108547
275.1977	0.01187802
275.2477	0.012677319
275.2977	0.013474931
275.3477	0.014270945
275.3977	0.01506527
275.4477	0.014395017
275.4977	0.013658863
275.5477	0.012923533
275.5977	0.012188978
275.6477	0.011455311
275.6977	0.0099127321
275.7477	0.008330809
275.7977	0.0067509944
275.8477	0.005173156
275.8977	0.003597405
275.9477	0.0045414926
275.9977	0.005781706
276.0477	0.0070204767
276.0977	0.0082578044
276.1477	0.0094937552
276.1977	0.0082211019
276.2477	0.0068386309
276.2977	0.0054584919
276.3477	0.0040806835
276.3977	0.0027160642
276.4477	0.0023273942
276.4977	0.0019389907
276.5477	0.001550898
276.5977	0.0011630717
276.6477	0.00079278607
276.6977	0.0017509281
276.7477	0.0027082264
276.7977	0.0036646368
276.8477	0.0046201143
276.8977	0.0055747707
276.9477	0.005188121
276.9977	0.0047498266
277.0477	0.0043120426
277.0977	0.0038747473
277.1477	0.0034379181
277.1977	0.0040232437
277.2477	0.0047176983
277.2977	0.0054115313
277.3477	0.0061047208
277.3977	0.0067972662
277.4477	0.0053627505
277.4977	0.0038503902
277.5477	0.0023391398
277.5977	0.00082904421
277.6477	-0.00050469022
277.6977	0.00089603174
277.7477	0.0022947998
277.7977	0.0036915028
277.8477	0.0050862301
277.8977	0.0064789141
277.9477	0.0063019758
277.9977	0.0060821399
278.0477	0.0058626151
278.0977	0.0056434455
278.1477	0.0054245647
278.1977	0.005305022
278.2477	0.0051940717
278.2977	0.0050831879
278.3477	0.0049724379
278.3977	0.0048617315
278.4477	0.0043808287
278.4977	0.0038796987
278.5477	0.003379279
278.5977	0.0028796142
278.6477	0.002376264
278.6977	0.0017901171
278.7477	0.0012041702
278.7977	0.00061846734
278.8477	3.2942226e-05
278.8977	-0.0005523609
278.9477	8.1412181e-05
278.9977	0.00075099932
279.0477	0.0014199425
279.0977	0.0020883528
279.1477	0.0027561414
279.1977	0.001953001
279.2477	0.0010325381
279.2977	0.00011254132
279.3477	-0.00080690032
279.3977	-0.0015859501
279.4477	-0.00097824377
279.4977	-0.00037129238
279.5477	0.0002349485
279.5977	0.00084036792
279.6477	0.0014450989
279.6977	0.0023921614
279.7477	0.0033438869
279.7977	0.004294924
279.8477	0.0052453172
279.8977	0.0061949999
279.9477	0.0053952788
279.9977	0.0044288989
280.0477	0.0034634077
280.0977	0.0024988044
280.1477	0.0016117573
280.1977	0.0021108005
280.2477	0.0026097102
280.2977	0.0031085534
280.3477	0.0036073299
280.3977	0.0041059954
280.4477	0.0027369354
280.4977	0.0012957369
280.5477	-0.00014415187
280.5977	-0.0015828195
280.6477	-0.0030202214
280.6977	-0.0031938963
280.7477	-0.0031667193
280.7977	-0.0031395424
280.8477	-0.0031123653
280.8977	-0.0030808365
280.9477	-0.0028458806
280.9977	-0.0026109465
281.0477	-0.0023760349
281.0977	-0.0021412121
281.1477	-0.0019063891
281.1977	-0.0021030889
281.2477	-0.0023459494
281.2977	-0.0025888542
281.3477	-0.0028318258
281.3977	-0.0030748195
281.4477	-0.0030345425
281.4977	-0.0029808993
281.5477	-0.0029272782
281.5977	-0.0028735902
281.6477	-0.002807735
281.6977	-0.0024682232
281.7477	-0.0021285117
281.7977	-0.0017886447
281.8477	-0.0014485556
281.8977	-0.0011083332
281.9477	0.0008903477
281.9977	0.0029922964
282.0477	0.0050965543
282.0977	0.0072031883
282.1477	0.0087838462
282.1977	0.0057345908
282.2477	0.0026853571
282.2977	0.0014288683
282.3477	0.00038089126
282.3977	0.00044727934
282.4477	0.00051364524
282.4977	0.0048783622
282.5477	0.0090071457
282.5977	0.0092034675
282.6477	0.0094000343
282.6977	0.0094766803
282.7477	0.009546754
282.7977	0.0089727752
282.8477	0.0083757257
282.8977	0.0039310548
282.9477	-0.00046687791
282.9977	0.0018642764
283.0477	0.0041718949
283.0977	0.0043656193
283.1477	0.0045596105
283.1977	0.0054115313
283.2477	0.0063452944
283.2977	0.0067667365
283.3477	0.0071939072
283.3977	0.010355534
283.4477	0.013273635
283.4977	0.012055226
283.5477	0.010830887
283.5977	0.012038884
283.6477	0.013316887
283.6977	0.01418071
283.7477	0.01499675
283.7977	0.013811801
283.8477	0.012490434
283.8977	0.01293177
283.9477	0.013398396
283.9977	0.016869983
284.0477	0.020405537
284.0977	0.017192442
284.1477	0.013552243
284.1977	0.01781589
284.2477	0.022608688
284.2977	0.023296636
284.3477	0.023730269
284.3977	0.028261021
284.4477	0.032853812
284.4977	0.034253135
284.5477	0.035730835
284.5977	0.040435553
284.6477	0.045210965
284.6977	0.050186012
284.7477	0.05524274
284.7977	0.061346915
284.8477	0.067529157
284.8977	0.071448162
284.9477	0.075295985
284.9977	0.078354165
285.0477	0.081362009
285.0977	0.081220753
285.1477	0.081081763
285.1977	0.077812932
285.2477	0.07444606
285.2977	0.079004057
285.3477	0.083429545
285.3977	0.077256605
285.4477	0.07118845
285.4977	0.068420172
285.5477	0.065751642
285.5977	0.064150266
285.6477	0.062562972
285.6977	0.063090369
285.7477	0.063744701
285.7977	0.058598381
285.8477	0.053248122
285.8977	0.052630935
285.9477	0.052083045
285.9977	0.051502913
286.0477	0.050919965
286.0977	0.054713544
286.1477	0.058520935
286.1977	0.059732441
286.2477	0.060952205
286.2977	0.064161882
286.3477	0.067585975
286.3977	0.074901052
286.4477	0.082565568
286.4977	0.084609568
286.5477	0.086630605
286.5977	0.097364642
286.6477	0.10833076
286.6977	0.13113797
286.7477	0.15450422
286.7977	0.19250801
286.8477	0.23100019
286.8977	0.27623987
286.9477	0.32221061
286.9977	0.39422524
287.0477	0.46869415
287.0977	0.56358308
287.1477	0.65925378
287.1977	0.76665413
287.2477	0.87503147
287.2977	0.98480099
287.3477	1.0947784
287.3977	1.1993902
287.4477	1.3046061
287.4977	1.3934484
287.5477	1.482573
287.5977	1.5395756
287.6477	1.594893
287.6977	1.6425712
287.7477	1.6897948
287.7977	1.7370514
287.8477	1.7851236
287.8977	1.8680145
287.9477	1.952672
287.9977	2.168304
288.0477	2.391577
288.0977	2.7625682
288.1477	3.1323957
288.1977	3.5536973
288.2477	3.9734206
288.2977	4.3531489
288.3477	4.7235937
288.3977	4.8823447
288.4477	5.0333147
288.4977	4.9951291
288.5477	4.9479351
288.5977	4.7839289
288.6477	4.6178455
288.6977	4.3684382
288.7477	4.1204429
288.7977	3.8836145
288.8477	3.6473701
288.8977	3.4127038
288.9477	3.1789973
288.9977	3.0364754
289.0477	2.894403
289.0977	2.7717752
289.1477	2.6508613
289.1977	2.5764031
289.2477	2.502907
289.2977	2.4616261
289.3477	2.4204285
289.3977	2.397126
289.4477	2.3740497
289.4977	2.3622773
289.5477	2.3514919
289.5977	2.3602486
289.6477	2.3696525
289.6977	2.3951724
289.7477	2.4206414
289.7977	2.4460595
289.8477	2.4714277
289.8977	2.4967453
289.9477	2.5085659
289.9977	2.5193617
290.0477	2.5301468
290.0977	2.5409205
290.1477	2.5516682
290.1977	2.5496972
290.2477	2.5477314
290.2977	2.5457699
290.3477	2.5438135
290.3977	2.5422618
290.4477	2.5465395
290.4977	2.550812
290.5477	2.555079
290.5977	2.5593414
290.6477	2.5637572
290.6977	2.570246
290.7477	2.5767219
290.7977	2.5831852
290.8477	2.5896361
290.8977	2.5960743
290.9477	2.5985587
290.9977	2.6007249
291.0477	2.6028872
291.0977	2.6050456
291.1477	2.6072004
291.1977	2.6119156
291.2477	2.6167207
291.2977	2.6215184
291.3477	2.6263084
291.3977	2.6310906
291.4477	2.6361458
291.4977	2.6411963
291.5477	2.6462398
291.5977	2.6512761
291.6477	2.6563513
291.6977	2.6651115
291.7477	2.6738501
291.7977	2.6825662
291.8477	2.6912601
291.8977	2.6999323
291.9477	2.7063057
291.9977	2.7126026
292.0477	2.7188792
292.0977	2.7251351
292.1477	2.7313704
292.1977	2.7205224
292.2477	2.7085066
292.2977	2.6965911
292.3477	2.6847739
292.3977	2.673054
292.4477	2.6605871
292.4977	2.6481616
292.5477	2.6358001
292.5977	2.6235011
292.6477	2.6112673
292.6977	2.5993087
292.7477	2.5874321
292.7977	2.5756366
292.8477	2.5639222
292.8977	2.5522869
292.9477	2.5364978
292.9977	2.520736
293.0477	2.5050638
293.0977	2.4894807
293.1477	2.4739931
293.1977	2.4612317
293.2477	2.4485483
293.2977	2.4359419
293.3477	2.4234118
293.3977	2.4109576
293.4477	2.4034386
293.4977	2.396143
293.5477	2.3888826
293.5977	2.3816571
293.6477	2.3744657
293.6977	2.3678062
293.7477	2.3612101
293.7977	2.3546586
293.8477	2.3481507
293.8977	2.341692
293.9477	2.337045
293.9977	2.3324184
294.0477	2.3278127
294.0977	2.3232276
294.1477	2.3186631
294.1977	2.3174112
294.2477	2.3162091
294.2977	2.3150127
294.3477	2.3138216
294.3977	2.3126764
294.4477	2.3154664
294.4977	2.3182447
294.5477	2.3210115
294.5977	2.3237667
294.6477	2.32651
294.6977	2.3269699
294.7477	2.3273733
294.7977	2.327775
294.8477	2.3281755
294.8977	2.3285749
294.9477	2.3314695
294.9977	2.334532
295.0477	2.3375852
295.0977	2.3406286
295.1477	2.3436313
295.1977	2.3455985
295.2477	2.3475602
295.2977	2.3495159
295.3477	2.351465
295.3977	2.3534086
295.4477	2.3583641
295.4977	2.3635614
295.5477	2.3687432
295.5977	2.3739097
295.6477	2.3790557
295.6977	2.3804278
295.7477	2.3817964
295.7977	2.3831613
295.8477	2.3845232
295.8977	2.3857667
295.9477	2.382201
295.9977	2.3786473
296.0477	2.3751054
296.0977	2.3715761
296.1477	2.3680577
296.1977	2.3623469
296.2477	2.3566256
296.2977	2.3509216
296.3477	2.3452349
296.3977	2.3395655
296.4477	2.3347261
296.4977	2.3299038
296.5477	2.3250918
296.5977	2.320291
296.6477	2.3155007
296.6977	2.3045115
296.7477	2.2934897
296.7977	2.2825029
296.8477	2.2715511
296.8977	2.2607443
296.9477	2.2539151
296.9977	2.2471037
297.0477	2.2403104
297.0977	2.2335348
297.1477	2.2267771
297.1977	2.2200732
297.2477	2.2133868
297.2977	2.2067161
297.3477	2.2000608
297.3977	2.1934214
297.4477	2.1912127
297.4977	2.189106
297.5477	2.1870053
297.5977	2.1849091
297.6477	2.1828189
297.6977	2.1753416
297.7477	2.1675425
297.7977	2.1597579
297.8477	2.1519876
297.8977	2.1442318
297.9477	2.1406469
297.9977	2.1373072
298.0477	2.1339741
298.0977	2.1306479
298.1477	2.1273279
298.1977	2.1215763
298.2477	2.1156878
298.2977	2.1098139
298.3477	2.1039541
298.3977	2.0981083
298.4477	2.0930352
298.4977	2.0880308
298.5477	2.0830381
298.5977	2.0780563
298.6477	2.0730865
298.6977	2.0696504
298.7477	2.066288
298.7977	2.062933
298.8477	2.0595856
298.8977	2.0562453
298.9477	2.0488858
298.9977	2.0414643
299.0477	2.0340624
299.0977	2.0266807
299.1477	2.0193188
299.1977	2.0128219
299.2477	2.0063479
299.2977	1.99989
299.3477	1.9934481
299.3977	1.987023
299.4477	1.9843614
299.4977	1.9817164
299.5477	1.9790781
299.5977	1.9764464
299.6477	1.973821
299.6977	1.9690864
299.7477	1.9643501
299.7977	1.9596264
299.8477	1.9549156
299.8977	1.9502167
299.9477	1.9457704
299.9977	1.9413388
300.0477	1.9369181
300.0977	1.9325075
300.1477	1.9281769
300.1977	1.9248981
300.2477	1.9216272
300.2977	1.9183637
300.3477	1.9151083
300.3977	1.9118605
300.4477	1.9073915
300.4977	1.9027708
300.5477	1.8981637
300.5977	1.8935698
300.6477	1.889164
300.6977	1.8882596
300.7477	1.8873572
300.7977	1.8864565
300.8477	1.8855573
300.8977	1.8846539
300.9477	1.8802658
300.9977	1.8758881
301.0477	1.8715214
301.0977	1.8671652
301.1477	1.8630278
301.1977	1.8628471
301.2477	1.8626674
301.2977	1.8624877
301.3477	1.8623084
301.3977	1.8621296
301.4477	1.8606496
301.4977	1.8590859
301.5477	1.8575267
301.5977	1.8559716
301.6477	1.8544209
301.6977	1.8522531
301.7477	1.8500347
301.7977	1.8478224
301.8477	1.8456157
301.8977	1.8434149
301.9477	1.8441467
301.9977	1.8452427
302.0477	1.8463368
302.0977	1.8474286
302.1477	1.8485177
302.1977	1.8479139
302.2477	1.8472321
302.2977	1.8465521
302.3477	1.8458736
302.3977	1.8452418
302.4477	1.8452541
302.4977	1.8452663
302.5477	1.8452784
302.5977	1.8452907
302.6477	1.845067
302.6977	1.8413994
302.7477	1.8377401
302.7977	1.8340893
302.8477	1.8304471
302.8977	1.8268217
302.9477	1.8263992
302.9977	1.8259771
303.0477	1.8255562
303.0977	1.8251361
303.1477	1.8247172
303.1977	1.820752
303.2477	1.8165501
303.2977	1.8123654
303.3477	1.8081982
303.3977	1.8040482
303.4477	1.7996942
303.4977	1.7953261
303.5477	1.7909665
303.5977	1.7866148
303.6477	1.7822711
303.6977	1.7781656
303.7477	1.7740887
303.7977	1.7700216
303.8477	1.7659639
303.8977	1.7619159
303.9477	1.7566699
303.9977	1.7513499
304.0477	1.7460421
304.0977	1.7407458
304.1477	1.735462
304.1977	1.7320808
304.2477	1.7287334
304.2977	1.7253944
304.3477	1.7220639
304.3977	1.7186421
304.4477	1.7121994
304.4977	1.7057726
304.5477	1.6993611
304.5977	1.6929654
304.6477	1.6865847
304.6977	1.679348
304.7477	1.6720467
304.7977	1.6647651
304.8477	1.6575035
304.8977	1.6502612
304.9477	1.644596
304.9977	1.6391416
305.0477	1.6337023
305.0977	1.6282783
305.1477	1.6228713
305.1977	1.6176395
305.2477	1.6124183
305.2977	1.607208
305.3477	1.6020081
305.3977	1.5968223
305.4477	1.5917588
305.4977	1.5867058
305.5477	1.5816628
305.5977	1.5766296
305.6477	1.5716068
305.6977	1.5654107
305.7477	1.5591333
305.7977	1.5528702
305.8477	1.5466212
305.8977	1.5403866
305.9477	1.5375178
305.9977	1.5349423
306.0477	1.5323732
306.0977	1.5298111
306.1477	1.5269618
306.1977	1.5200719
306.2477	1.5131962
306.2977	1.506335
306.3477	1.4994882
306.3977	1.4926556
306.4477	1.4897786
306.4977	1.4869286
306.5477	1.4840841
306.5977	1.4812453
306.6477	1.4784119
306.6977	1.471069
306.7477	1.4633204
306.7977	1.4555955
306.8477	1.4478949
306.8977	1.4402176
306.9477	1.4388909
306.9977	1.4380463
307.0477	1.4372023
307.0977	1.4363586
307.1477	1.4354246
307.1977	1.4324998
307.2477	1.4295803
307.2977	1.4266667
307.3477	1.4237587
307.3977	1.4208564
307.4477	1.4165843
307.4977	1.4122289
307.5477	1.4078821
307.5977	1.4035436
307.6477	1.3992133
307.6977	1.3962003
307.7477	1.3933771
307.7977	1.3905588
307.8477	1.3877457
307.8977	1.3848546
307.9477	1.3809211
307.9977	1.376994
308.0477	1.3730729
308.0977	1.3691577
308.1477	1.3652484
308.1977	1.3639507
308.2477	1.3628142
308.2977	1.3616796
308.3477	1.3605472
308.3977	1.3594167
308.4477	1.357365
308.4977	1.3552253
308.5477	1.3530886
308.5977	1.350955
308.6477	1.3487668
308.6977	1.3447295
308.7477	1.3406997
308.7977	1.3366777
308.8477	1.3326633
308.8977	1.3286566
308.9477	1.3272657
308.9977	1.3259263
309.0477	1.3245888
309.0977	1.3232536
309.1477	1.3219206
309.1977	1.3188314
309.2477	1.3156035
309.2977	1.3123806
309.3477	1.3091621
309.3977	1.3061875
309.4477	1.3048286
309.4977	1.303472
309.5477	1.3021178
309.5977	1.3007659
309.6477	1.2994162
309.6977	1.2981459
309.7477	1.2968866
309.7977	1.2956293
309.8477	1.2943739
309.8977	1.2931204
309.9477	1.2918688
309.9977	1.2906191
310.0477	1.2893714
310.0977	1.2881255
310.1477	1.2868816
310.1977	1.2856394
310.2477	1.284399
310.2977	1.2831608
310.3477	1.2819241
310.3977	1.2806896
310.4477	1.2794567
310.4977	1.2782258
310.5477	1.2769967
310.5977	1.2757696
310.6477	1.2745442
310.6977	1.2733206
310.7477	1.2720989
310.7977	1.2708791
310.8477	1.2696612
310.8977	1.2684448
310.9477	1.2672305
310.9977	1.266018
311.0477	1.2648071
311.0977	1.2635982
311.1477	1.2623911
311.1977	1.2611856
311.2477	1.2599821
311.2977	1.2587804
311.3477	1.2575804
311.3977	1.2563821
311.4477	1.2551857
311.4977	1.253991
311.5477	1.2527983
311.5977	1.2516072
311.6477	1.2504177
311.6977	1.2492303
311.7477	1.2480443
311.7977	1.2468604
311.8477	1.2456781
311.8977	1.2444974
311.9477	1.2433186
311.9977	1.2421416
312.0477	1.2409661
312.0977	1.2397925
312.1477	1.2386206
312.1977	1.2374502
312.2477	1.236282
312.2977	1.2351152
312.3477	1.2339501
312.3977	1.2327869
312.4477	1.2316252
312.4977	1.2304653
312.5477	1.2293069
312.5977	1.2281502
312.6477	1.2269955
312.6977	1.2258424
312.7477	1.2246908
312.7977	1.223541
312.8477	1.2223928
312.8977	1.2212464
312.9477	1.2201016
312.9977	1.2189584
313.0477	1.2178168
313.0977	1.2166772
313.1477	1.2155389
313.1977	1.2144023
313.2477	1.2132674
313.2977	1.2121341
313.3477	1.2110025
313.3977	1.2098726
313.4477	1.2087442
313.4977	1.2076174
313.5477	1.2064923
313.5977	1.2053689
313.6477	1.204247
313.6977	1.2031267
313.7477	1.202008
313.7977	1.200891
313.8477	1.1997756
313.8977	1.1986617
313.9477	1.1975496
313.9977	1.1964389
314.0477	1.1953298
314.0977	1.1942222
314.1477	1.1931163
314.1977	1.1920121
314.2477	1.1909093
314.2977	1.189808
314.3477	1.1887084
314.3977	1.1876104
314.4477	1.1865139
314.4977	1.185419
314.5477	1.1843257
314.5977	1.1832337
314.6477	1.1821436
314.6977	1.1812972
314.7477	1.1805003
314.7977	1.1797043
314.8477	1.1789092
314.8977	1.1781152
314.9477	1.1773221
314.9977	1.17653
315.0477	1.1757387
315.0977	1.1749485
315.1477	1.174159
315.1977	1.1733707
315.2477	1.1725832
315.2977	1.1717967
315.3477	1.1710112
315.3977	1.1702266
315.4477	1.1694429
315.4977	1.1686602
315.5477	1.1678783
315.5977	1.1670973
315.6477	1.1663173
315.6977	1.1655382
315.7477	1.1647601
315.7977	1.163983
315.8477	1.1632066
315.8977	1.1624312
315.9477	1.1616567
315.9977	1.1608833
316.0477	1.1601105
316.0977	1.1593388
316.1477	1.1585681
316.1977	1.1577982
316.2477	1.1570292
316.2977	1.1562611
316.3477	1.1554939
316.3977	1.1547276
316.4477	1.1539623
316.4977	1.1531978
316.5477	1.1524341
316.5977	1.1516715
316.6477	1.1509097
316.6977	1.1501487
316.7477	1.1493888
316.7977	1.1486295
316.8477	1.1478715
316.8977	1.1471142
316.9477	1.1463575
316.9977	1.145602
317.0477	1.1448474
317.0977	1.1440934
317.1477	1.1433406
317.1977	1.1425886
317.2477	1.1418374
317.2977	1.1410871
317.3477	1.1403376
317.3977	1.139589
317.4477	1.1388414
317.4977	1.1380945
317.5477	1.1373485
317.5977	1.1366035
317.6477	1.1358593
317.6977	1.1351157
317.7477	1.1343733
317.7977	1.1336317
317.8477	1.1328908
317.8977	1.1321509
317.9477	1.131412
317.9977	1.1306736
318.0477	1.1299363
318.0977	1.1291999
318.1477	1.128464
318.1977	1.1277293
318.2477	1.1269953
318.2977	1.1262621
318.3477	1.1255299
318.3977	1.1247984
318.4477	1.1240678
318.4977	1.123338
318.5477	1.1226091
318.5977	1.1218809
318.6477	1.1211537
318.6977	1.1204273
318.7477	1.1197017
318.7977	1.1189768
318.8477	1.118253
318.8977	1.1175297
318.9477	1.1168076
318.9977	1.1160861
319.0477	1.1153654
319.0977	1.1146456
319.1477	1.1139266
319.1977	1.1132084
319.2477	1.112491
319.2977	1.1117746
319.3477	1.1110587
319.3977	1.1103438
319.4477	1.1096298
319.4977	1.1089164
319.5477	1.108204
319.5977	1.1074923
319.6477	1.1067814
319.6977	1.1060948
319.7477	1.1054103
319.7977	1.1047267
319.8477	1.1040437
319.8977	1.1033614
319.9477	1.1026797
319.9977	1.1019988
320.0477	1.1013188
320.0977	1.1006393
320.1477	1.0999606
320.1977	1.0992826
320.2477	1.0986053
320.2977	1.0979288
320.3477	1.0972528
320.3977	1.0965776
320.4477	1.0959032
320.4977	1.0952293
320.5477	1.0945563
320.5977	1.0938839
320.6477	1.0932122
320.6977	1.0925413
320.7477	1.091871
320.7977	1.0912014
320.8477	1.0905325
320.8977	1.0898644
320.9477	1.0891969
320.9977	1.0885301
321.0477	1.087864
321.0977	1.0871985
321.1477	1.0865339
321.1977	1.0858699
321.2477	1.0852064
321.2977	1.0845439
321.3477	1.0838819
321.3977	1.0832206
321.4477	1.0825599
321.4977	1.0819001
321.5477	1.0812408
321.5977	1.0805823
321.6477	1.0799245
321.6977	1.0792671
321.7477	1.0786107
321.7977	1.0779548
321.8477	1.0772996
321.8977	1.0766451
321.9477	1.0759913
321.9977	1.0753382
322.0477	1.0746857
322.0977	1.0740339
322.1477	1.0733827
322.1977	1.0727322
322.2477	1.0720825
322.2977	1.0714332
322.3477	1.0707848
322.3977	1.070137
322.4477	1.0694898
322.4977	1.0688434
322.5477	1.0681975
322.5977	1.0675523
322.6477	1.0669079
322.6977	1.066264
322.7477	1.0656209
322.7977	1.0649782
322.8477	1.0643364
322.8977	1.0636952
322.9477	1.0630546
322.9977	1.0624146
323.0477	1.0617754
323.0977	1.0611367
323.1477	1.0604988
323.1977	1.0598614
323.2477	1.0592247
323.2977	1.0585886
323.3477	1.0579534
323.3977	1.0573186
323.4477	1.0566845
323.4977	1.056051
323.5477	1.0554183
323.5977	1.0547861
323.6477	1.0541544
323.6977	1.0535235
323.7477	1.0528933
323.7977	1.0522636
323.8477	1.0516347
323.8977	1.0510063
323.9477	1.0503786
323.9977	1.0497515
324.0477	1.049125
324.0977	1.0484992
324.1477	1.047874
324.1977	1.0472494
324.2477	1.0466254
324.2977	1.0460021
324.3477	1.0453794
324.3977	1.0447574
324.4477	1.0441359
324.4977	1.043515
324.5477	1.0428948
324.5977	1.0422753
324.6477	1.0416563
324.6977	1.0409607
324.7477	1.0402541
324.7977	1.0395483
324.8477	1.0388433
324.8977	1.038139
324.9477	1.0374354
324.9977	1.0367326
325.0477	1.0360305
325.0977	1.0353291
325.1477	1.0345899
325.1977	1.0335627
325.2477	1.0325363
325.2977	1.0315108
325.3477	1.0304863
325.3977	1.0294628
325.4477	1.0284402
325.4977	1.0274184
325.5477	1.0263975
325.5977	1.0253776
325.6477	1.0243586
325.6977	1.0237093
325.7477	1.0231209
325.7977	1.0225328
325.8477	1.0219455
325.8977	1.0213586
325.9477	1.0207723
325.9977	1.0201863
326.0477	1.0196011
326.0977	1.0190163
326.1477	1.0184599
326.1977	1.0184573
326.2477	1.0184546
326.2977	1.0184519
326.3477	1.0184492
326.3977	1.0184467
326.4477	1.0184441
326.4977	1.0184413
326.5477	1.0184388
326.5977	1.0184361
326.6477	1.0183312
326.6977	1.0171459
326.7477	1.0159618
326.7977	1.014779
326.8477	1.013597
326.8977	1.0124164
326.9477	1.0112367
326.9977	1.0100584
327.0477	1.008881
327.0977	1.0077047
327.1477	1.0065296
327.1977	1.0058157
327.2477	1.0051459
327.2977	1.0044765
327.3477	1.0038079
327.3977	1.0031399
327.4477	1.0024724
327.4977	1.0018055
327.5477	1.0011392
327.5977	1.0004736
327.6477	0.99980879
327.6977	0.99915564
327.7477	0.99850327
327.7977	0.99785137
327.8477	0.99720025
327.8977	0.99654979
327.9477	0.99589986
327.9977	0.9952507
328.0477	0.9946022
328.0977	0.99395424
328.1477	0.99330038
328.1977	0.99257201
328.2477	0.9918443
328.2977	0.99111736
328.3477	0.99039119
328.3977	0.98966587
328.4477	0.98894113
328.4977	0.98821712
328.5477	0.98749393
328.5977	0.9867714
328.6477	0.98604965
328.6977	0.98498452
328.7477	0.98387116
328.7977	0.98275876
328.8477	0.98164725
328.8977	0.98053664
328.9477	0.9794271
328.9977	0.97831845
329.0477	0.97721064
329.0977	0.97610396
329.1477	0.97499824
329.1977	0.97503257
329.2477	0.97513586
329.2977	0.97523898
329.3477	0.97534209
329.3977	0.97544515
329.4477	0.97554809
329.4977	0.97565085
329.5477	0.97575349
329.5977	0.97585607
