270.00004	0
270.05004	0
270.10004	0
270.15004	0
270.20004	-0.019887445
270.25004	-0.019663682
270.30004	-0.019440118
270.35004	-0.019216789
270.40004	-0.018993625
270.45004	-0.018770646
270.50004	-0.018547883
270.55004	-0.018325288
270.60004	-0.018102892
270.65004	-0.01788073
270.70004	-0.017665826
270.75004	-0.017730242
270.80004	-0.017794557
270.85004	-0.017858807
270.90004	-0.017922956
270.95004	-0.017987022
271.00004	-0.018050989
271.05004	-0.018114854
271.10004	-0.018178653
271.15004	-0.018242352
271.20004	-0.018276038
271.25004	-0.018120242
271.30004	-0.0179646
271.35004	-0.017809106
271.40004	-0.017653814
271.45004	-0.017498637
271.50004	-0.017343627
271.55004	-0.0171888
271.60004	-0.017034108
271.65004	-0.016879566
271.70004	-0.01672554
271.75004	-0.016645225
271.80004	-0.016564991
271.85004	-0.016484875
271.90004	-0.01640491
271.95004	-0.016325012
272.00004	-0.016245212
272.05004	-0.016165547
272.10004	-0.016085999
272.15004	-0.016006533
272.20004	-0.015927352
272.25004	-0.015976919
272.30004	-0.016026471
272.35004	-0.016075922
272.40004	-0.016125323
272.45004	-0.016174657
272.50004	-0.016223941
272.55004	-0.016273174
272.60004	-0.016322343
272.65004	-0.016371476
272.70004	-0.01642051
272.75004	-0.016300285
272.80004	-0.016173322
272.85004	-0.016046558
272.90004	-0.015919961
272.95004	-0.01579353
273.00004	-0.015667267
273.05004	-0.015541187
273.10004	-0.015415275
273.15004	-0.015289528
273.20004	-0.015163432
273.25004	-0.014981595
273.30004	-0.014799891
273.35004	-0.014618287
273.40004	-0.014436834
273.45004	-0.014255497
273.50004	-0.014074277
273.55004	-0.013893174
273.60004	-0.013712204
273.65004	-0.013531335
273.70004	-0.013389005
273.75004	-0.013572928
273.80004	-0.013756567
273.85004	-0.013939906
273.90004	-0.014122944
273.95004	-0.014305665
274.00004	-0.014488086
274.05004	-0.014670207
274.10004	-0.014852028
274.15004	-0.015033565
274.20004	-0.015214785
274.25004	-0.015496608
274.30004	-0.015778448
274.35004	-0.016059989
274.40004	-0.016341178
274.45004	-0.01662205
274.50004	-0.01690259
274.55004	-0.017182812
274.60004	-0.017462716
274.65004	-0.017742287
274.70004	-0.018012166
274.75004	-0.017809657
274.80004	-0.017607449
274.85004	-0.01740554
274.90004	-0.017203916
274.95004	-0.017002592
275.00004	-0.016801568
275.05004	-0.016600845
275.10004	-0.016400423
275.15004	-0.016200284
275.20004	-0.016000444
275.25004	-0.015956415
275.30004	-0.015918259
275.35004	-0.015880153
275.40004	-0.01584203
275.45004	-0.015803941
275.50004	-0.015765902
275.55004	-0.015727879
275.60004	-0.015689874
275.65004	-0.015651902
275.70004	-0.015613946
275.75004	-0.015583214
275.80004	-0.015552866
275.85004	-0.015522535
275.90004	-0.015492271
275.95004	-0.015462022
276.00004	-0.015431825
276.05004	-0.01540166
276.10004	-0.015371546
276.15004	-0.015341465
276.20004	-0.015311451
276.25004	-0.015281671
276.30004	-0.015251957
276.35004	-0.015222259
276.40004	-0.015192595
276.45004	-0.015162998
276.50004	-0.015133418
276.55004	-0.015103904
276.60004	-0.015074407
276.65004	-0.015044943
276.70004	-0.01502479
276.75004	-0.015193463
276.80004	-0.015361953
276.85004	-0.01553031
276.90004	-0.015698483
276.95004	-0.01586649
277.00004	-0.016034346
277.05004	-0.016202018
277.10004	-0.016369557
277.15004	-0.016536929
277.20004	-0.016704151
277.25004	-0.016609704
277.30004	-0.016508216
277.35004	-0.016406829
277.40004	-0.016305508
277.45004	-0.01620432
277.50004	-0.016103216
277.55004	-0.016002228
277.60004	-0.015901325
277.65004	-0.015800504
277.70004	-0.0156998
277.75004	-0.015923865
277.80004	-0.016149964
277.85004	-0.016375814
277.90004	-0.016601397
277.95004	-0.016826745
278.00004	-0.017051827
278.05004	-0.017276675
278.10004	-0.017501255
278.15004	-0.017725604
278.20004	-0.017941009
278.25004	-0.01773156
278.30004	-0.01752211
278.35004	-0.017312728
278.40004	-0.017103363
278.45004	-0.016894031
278.50004	-0.016684731
278.55004	-0.016475467
278.60004	-0.016266234
278.65004	-0.016057035
278.70004	-0.015849356
278.75004	-0.01577311
278.80004	-0.015696865
278.85004	-0.015620636
278.90004	-0.015544424
278.95004	-0.01546823
279.00004	-0.015392018
279.05004	-0.015315839
279.10004	-0.015239677
279.15004	-0.015163516
279.20004	-0.015094244
279.25004	-0.015146198
279.30004	-0.015198118
279.35004	-0.015250021
279.40004	-0.015301892
279.45004	-0.015353728
279.50004	-0.015405514
279.55004	-0.015457285
279.60004	-0.015509021
279.65004	-0.015560725
279.70004	-0.015610192
279.75004	-0.015536983
279.80004	-0.015475971
279.85004	-0.015424318
279.90004	-0.015380038
279.95004	-0.015341649
280.00004	-0.015308081
280.05004	-0.015278433
280.10004	-0.015252107
280.15004	-0.015228515
280.20004	-0.015207293
280.25004	-0.014511627
280.30004	-0.013848261
280.35004	-0.01402189
280.40004	-0.014176166
280.45004	-0.013318082
280.50004	-0.012497787
280.55004	-0.012803569
280.60004	-0.013109834
280.65004	-0.013175969
280.70004	-0.01324197
280.75004	-0.013300664
280.80004	-0.013381798
280.85004	-0.013787565
280.90004	-0.014192849
280.95004	-0.012991495
281.00004	-0.011683549
281.05004	-0.011527037
281.10004	-0.011382355
281.15004	-0.011680362
281.20004	-0.011980805
281.25004	-0.011548493
281.30004	-0.011114513
281.35004	-0.011091439
281.40004	-0.011065813
281.45004	-0.010987999
281.50004	-0.01090071
281.55004	-0.010611145
281.60004	-0.010320229
281.65004	-0.010003836
281.70004	-0.009687026
281.75004	-0.0095479162
281.80004	-0.0094060209
281.85004	-0.0091644721
281.90004	-0.0089225564
281.95004	-0.008211608
282.00004	-0.0075079501
282.05004	-0.0075685792
282.10004	-0.0076130414
282.15004	-0.0061606793
282.20004	-0.0047083339
282.25004	-0.0051348563
282.30004	-0.0055625802
282.35004	-0.0044161999
282.40004	-0.0032715709
282.45004	-0.003390043
282.50004	-0.0035036933
282.55004	-0.0024347093
282.60004	-0.001362305
282.65004	-0.00094087119
282.70004	-0.00052322447
282.75004	0.00012214005
282.80004	0.0007749956
282.85004	0.0015753364
282.90004	0.0023420092
282.95004	0.0025935348
283.00004	0.0028457779
283.05004	0.0045358846
283.10004	0.0062142126
283.15004	0.0068189851
283.20004	0.0074255099
283.25004	0.0097887432
283.30004	0.012165625
283.35004	0.013550317
283.40004	0.014940131
283.45004	0.016846495
283.50004	0.018776065
283.55004	0.022118323
283.60004	0.025449602
283.65004	0.028092157
283.70004	0.030758586
283.75004	0.034931283
283.80004	0.039183907
283.85004	0.043488842
283.90004	0.047911461
283.95004	0.053707615
284.00004	0.059627809
284.05004	0.068481624
284.10004	0.077541076
284.15004	0.087931372
284.20004	0.098679006
284.25004	0.11586889
284.30004	0.13372344
284.35004	0.16126977
284.40004	0.18937404
284.45004	0.25512281
284.50004	0.32273635
284.55004	0.48104975
284.60004	0.64287335
284.65004	1.0359036
284.70004	1.4355005
284.75004	1.9305913
284.80004	2.4268343
284.85004	3.1424387
284.90004	3.8525507
284.95004	4.4839807
285.00004	5.0998716
285.05004	5.4155698
285.10004	5.7101989
285.15004	5.6989703
285.20004	5.6703057
285.25004	5.3429418
285.30004	5.023881
285.35004	4.627203
285.40004	4.2373323
285.45004	3.8170547
285.50004	3.4017379
285.55004	3.0106423
285.60004	2.6210661
285.65004	2.268672
285.70004	1.9192185
285.75004	1.6437851
285.80004	1.3713803
285.85004	1.16448
285.90004	0.96015745
285.95004	0.83587736
286.00004	0.70986551
286.05004	0.62762064
286.10004	0.54523367
286.15004	0.48875156
286.20004	0.43144301
286.25004	0.39008388
286.30004	0.34878576
286.35004	0.31827173
286.40004	0.28761122
286.45004	0.26818907
286.50004	0.24949604
286.55004	0.2502999
286.60004	0.25111684
286.65004	0.27835405
286.70004	0.30767995
286.75004	0.36361164
286.80004	0.42214558
286.85004	0.50922167
286.90004	0.59720767
286.95004	0.71424329
287.00004	0.83340454
287.05004	0.94829416
287.10004	1.0634656
287.15004	1.165975
287.20004	1.269375
287.25004	1.349354
287.30004	1.4289439
287.35004	1.4653244
287.40004	1.5019953
287.45004	1.5017946
287.50004	1.5008802
287.55004	1.4817717
287.60004	1.4622861
287.65004	1.4371743
287.70004	1.4118481
287.75004	1.3903532
287.80004	1.3688446
287.85004	1.3499548
287.90004	1.3310858
287.95004	1.3228996
288.00004	1.3151768
288.05004	1.3170233
288.10004	1.3190539
288.15004	1.3258247
288.20004	1.3332894
288.25004	1.3610852
288.30004	1.3886755
288.35004	1.4246762
288.40004	1.4618982
288.45004	1.5186065
288.50004	1.574981
288.55004	1.6475062
288.60004	1.7194651
288.65004	1.7987944
288.70004	1.877491
288.75004	1.9517201
288.80004	2.0253508
288.85004	2.0591917
288.90004	2.0904393
288.95004	2.0948653
289.00004	2.0977769
289.05004	2.0700283
289.10004	2.0423765
289.15004	1.9928328
289.20004	1.9433882
289.25004	1.8997545
289.30004	1.8558334
289.35004	1.8061572
289.40004	1.7577122
289.45004	1.7241333
289.50004	1.690571
289.55004	1.6689756
289.60004	1.6484518
289.65004	1.6416029
289.70004	1.6354939
289.75004	1.6456962
289.80004	1.6567268
289.85004	1.6802588
289.90004	1.7037332
289.95004	1.7373435
290.00004	1.7714894
290.05004	1.8153242
290.10004	1.8585979
290.15004	1.895824
290.20004	1.9328525
290.25004	1.9615582
290.30004	1.9899781
290.35004	2.0030754
290.40004	2.0150223
290.45004	2.0114799
290.50004	2.0079658
290.55004	2.0010602
290.60004	1.9941707
290.65004	1.9884163
290.70004	1.9827054
290.75004	1.9773157
290.80004	1.9719586
290.85004	1.9668245
290.90004	1.9617864
290.95004	1.961175
291.00004	1.9604836
291.05004	1.9586226
291.10004	1.9571698
291.15004	1.961126
291.20004	1.9649276
291.25004	1.9668972
291.30004	1.9689763
291.35004	1.9762377
291.40004	1.9833922
291.45004	1.9895997
291.50004	1.996166
291.55004	2.0080822
291.60004	2.0198929
291.65004	2.0300825
291.70004	2.0402524
291.75004	2.0534241
291.80004	2.0665212
291.85004	2.0838778
291.90004	2.1011708
291.95004	2.1182604
292.00004	2.1351855
292.05004	2.1496081
292.10004	2.1642113
292.15004	2.1826198
292.20004	2.2008367
292.25004	2.2173457
292.30004	2.2337615
292.35004	2.246593
292.40004	2.2593539
292.45004	2.2739863
292.50004	2.2885749
292.55004	2.3035793
292.60004	2.318526
292.65004	2.3342998
292.70004	2.3498449
292.75004	2.359504
292.80004	2.369416
292.85004	2.3849769
292.90004	2.400434
292.95004	2.4103801
293.00004	2.4201825
293.05004	2.4326925
293.10004	2.4450428
293.15004	2.4546518
293.20004	2.4642158
293.25004	2.4748516
293.30004	2.4854176
293.35004	2.491935
293.40004	2.4983289
293.45004	2.5044463
293.50004	2.5104644
293.55004	2.5128062
293.60004	2.5151353
293.65004	2.5098476
293.70004	2.5044549
293.75004	2.4986351
293.80004	2.4927762
293.85004	2.4819789
293.90004	2.4712462
293.95004	2.4628799
294.00004	2.4545991
294.05004	2.4400353
294.10004	2.4254951
294.15004	2.4147139
294.20004	2.403872
294.25004	2.3911808
294.30004	2.3784683
294.35004	2.3618259
294.40004	2.3453288
294.45004	2.3308408
294.50004	2.3164084
294.55004	2.3036399
294.60004	2.290956
294.65004	2.2847109
294.70004	2.2785952
294.75004	2.2649438
294.80004	2.2512634
294.85004	2.2385652
294.90004	2.2260375
294.95004	2.2169304
295.00004	2.2078819
295.05004	2.1999102
295.10004	2.1919978
295.15004	2.185014
295.20004	2.1778421
295.25004	2.1680746
295.30004	2.1584167
295.35004	2.1526036
295.40004	2.1467948
295.45004	2.1408191
295.50004	2.1348522
295.55004	2.1278946
295.60004	2.1209712
295.65004	2.1160252
295.70004	2.1111112
295.75004	2.1069632
295.80004	2.1027973
295.85004	2.0960021
295.90004	2.0892382
295.95004	2.0843956
296.00004	2.0796211
296.05004	2.0764718
296.10004	2.0732865
296.15004	2.0674314
296.20004	2.0617602
296.25004	2.0593853
296.30004	2.0569823
296.35004	2.0534873
296.40004	2.0499911
296.45004	2.0450888
296.50004	2.0402038
296.55004	2.0383062
296.60004	2.0364566
296.65004	2.0340796
296.70004	2.031723
296.75004	2.0298254
296.80004	2.0279198
296.85004	2.0244317
296.90004	2.0209553
296.95004	2.0200157
297.00004	2.0190537
297.05004	2.0165801
297.10004	2.0141499
297.15004	2.0137901
297.20004	2.0134311
297.25004	2.0130053
297.30004	2.0125797
297.35004	2.0121191
297.40004	2.0114617
297.45004	2.0080638
297.50004	2.0046771
297.55004	2.0063226
297.60004	2.0080526
297.65004	2.0096252
297.70004	2.0111959
297.75004	2.0108261
297.80004	2.01039
297.85004	2.0117912
297.90004	2.0130033
297.95004	2.0118089
298.00004	2.0106082
298.05004	2.0090709
298.10004	2.0075383
298.15004	2.0104141
298.20004	2.0135968
298.25004	2.0109248
298.30004	2.0084698
298.35004	2.0124512
298.40004	2.0162811
298.45004	2.0168207
298.50004	2.0173585
298.55004	2.0170252
298.60004	2.0166857
298.65004	2.0183747
298.70004	2.0200779
298.75004	2.0207369
298.80004	2.0213819
298.85004	2.021431
298.90004	2.0214708
298.95004	2.0223315
299.00004	2.0232093
299.05004	2.0241215
299.10004	2.0249741
299.15004	2.0250039
299.20004	2.0249972
299.25004	2.0243738
299.30004	2.0238841
299.35004	2.0261695
299.40004	2.0284493
299.45004	2.0240297
299.50004	2.0195875
299.55004	2.0189781
299.60004	2.0183823
299.65004	2.0199981
299.70004	2.0216138
299.75004	2.021193
299.80004	2.020767
299.85004	2.0205374
299.90004	2.0203485
299.95004	2.0208704
300.00004	2.0212684
300.05004	2.0181854
300.10004	2.0152721
300.15004	2.0146942
300.20004	2.0141182
300.25004	2.0141723
300.30004	2.0142326
300.35004	2.014293
300.40004	2.014353
300.45004	2.011972
300.50004	2.0094421
300.55004	2.0069189
300.60004	2.0044029
300.65004	2.003818
300.70004	2.0032606
300.75004	2.0027053
300.80004	2.0021515
300.85004	2.0007224
300.90004	1.9992262
300.95004	1.997733
301.00004	1.9962591
301.05004	1.9960706
301.10004	1.9958825
301.15004	1.995695
301.20004	1.9953814
301.25004	1.9922677
301.30004	1.9891641
301.35004	1.9860709
301.40004	1.9831071
301.45004	1.9817765
301.50004	1.9804494
301.55004	1.9791262
301.60004	1.9778361
301.65004	1.977301
301.70004	1.9767673
301.75004	1.976235
301.80004	1.9755459
301.85004	1.972006
301.90004	1.9684752
301.95004	1.9649529
302.00004	1.9614397
302.05004	1.9607455
302.10004	1.9601706
302.15004	1.9595973
302.20004	1.9588724
302.25004	1.956001
302.30004	1.9531388
302.35004	1.950286
302.40004	1.9474422
302.45004	1.9452941
302.50004	1.9431762
302.55004	1.9410605
302.60004	1.93894
302.65004	1.9358181
302.70004	1.9327071
302.75004	1.9296074
302.80004	1.9265187
302.85004	1.9232634
302.90004	1.9200144
302.95004	1.9167722
303.00004	1.9135373
303.05004	1.910199
303.10004	1.9068666
303.15004	1.903542
303.20004	1.9001389
303.25004	1.8960521
303.30004	1.8919775
303.35004	1.8879151
303.40004	1.883865
303.45004	1.8789169
303.50004	1.8739611
303.55004	1.8690161
303.60004	1.8640816
303.65004	1.8601972
303.70004	1.8563225
303.75004	1.8524563
303.80004	1.8485923
303.85004	1.8442497
303.90004	1.8399172
303.95004	1.8355945
304.00004	1.8312695
304.05004	1.8263545
304.10004	1.8214509
304.15004	1.8165588
304.20004	1.8117203
304.25004	1.8074131
304.30004	1.8031155
304.35004	1.7988275
304.40004	1.7945487
304.45004	1.7902291
304.50004	1.7859204
304.55004	1.7816243
304.60004	1.7772768
304.65004	1.7720257
304.70004	1.7667841
304.75004	1.7615521
304.80004	1.756354
304.85004	1.7513759
304.90004	1.746411
304.95004	1.7414591
305.00004	1.736511
305.05004	1.7313091
305.10004	1.7261169
305.15004	1.7209346
305.20004	1.7157621
305.25004	1.710331
305.30004	1.7049042
305.35004	1.6994934
305.40004	1.6940988
305.45004	1.6894604
305.50004	1.6848409
305.55004	1.6802269
305.60004	1.6756183
305.65004	1.671082
305.70004	1.6665541
305.75004	1.6620351
305.80004	1.6575114
305.85004	1.6520611
305.90004	1.6466222
305.95004	1.6411942
306.00004	1.6357867
306.05004	1.6308055
306.10004	1.6258334
306.15004	1.6208707
306.20004	1.6159289
306.25004	1.6114438
306.30004	1.6069651
306.35004	1.6024929
306.40004	1.5979919
306.45004	1.5930629
306.50004	1.5881444
306.55004	1.5832363
306.60004	1.5783358
306.65004	1.5732459
306.70004	1.5681649
306.75004	1.5630928
306.80004	1.558032
306.85004	1.5546514
306.90004	1.5512782
306.95004	1.5479121
307.00004	1.5445532
307.05004	1.5408682
307.10004	1.5371815
307.15004	1.5334983
307.20004	1.5297978
307.25004	1.5244993
307.30004	1.5192107
307.35004	1.5139316
307.40004	1.5086625
307.45004	1.5048358
307.50004	1.5010382
307.55004	1.4972467
307.60004	1.4934602
307.65004	1.4894313
307.70004	1.4854077
307.75004	1.4813893
307.80004	1.4773892
307.85004	1.4735658
307.90004	1.4697496
307.95004	1.4659404
308.00004	1.4621446
308.05004	1.4584315
308.10004	1.4547231
308.15004	1.4510192
308.20004	1.4473168
308.25004	1.4435186
308.30004	1.4397261
308.35004	1.4359394
308.40004	1.4321586
308.45004	1.4286655
308.50004	1.4251844
308.55004	1.4217075
308.60004	1.4182312
308.65004	1.4145861
308.70004	1.4109459
308.75004	1.4073105
308.80004	1.4036829
308.85004	1.4003093
308.90004	1.3969412
308.95004	1.3935788
309.00004	1.390222
309.05004	1.3876895
309.10004	1.3851662
309.15004	1.3826452
309.20004	1.3800377
309.25004	1.3763654
309.30004	1.3726987
309.35004	1.3690374
309.40004	1.3653816
309.45004	1.3627642
309.50004	1.3601538
309.55004	1.3575462
309.60004	1.3548713
309.65004	1.3512852
309.70004	1.3477056
309.75004	1.3441325
309.80004	1.3405665
309.85004	1.338022
309.90004	1.3355625
309.95004	1.3331057
310.00004	1.3306513
310.05004	1.3290601
310.10004	1.3269567
310.15004	1.3240178
310.20004	1.3196223
310.25004	1.3176459
310.30004	1.3156902
310.35004	1.3137366
310.40004	1.311785
310.45004	1.3098358
310.50004	1.3078886
310.55004	1.3059437
310.60004	1.304001
310.65004	1.3020601
310.70004	1.3001217
310.75004	1.2981853
310.80004	1.2962511
310.85004	1.294319
310.90004	1.292389
310.95004	1.2904613
311.00004	1.2885356
311.05004	1.2866119
311.10004	1.2846905
311.15004	1.2827712
311.20004	1.2808539
311.25004	1.278939
311.30004	1.2770258
311.35004	1.275115
311.40004	1.2732064
311.45004	1.2712995
311.50004	1.2693949
311.55004	1.2674924
311.60004	1.265592
311.65004	1.2636936
311.70004	1.2617973
311.75004	1.2599032
311.80004	1.258011
311.85004	1.2561209
311.90004	1.254233
311.95004	1.252347
312.00004	1.2504631
312.05004	1.2485813
312.10004	1.2467016
312.15004	1.2448241
312.20004	1.2429482
312.25004	1.2410747
312.30004	1.239203
312.35004	1.2373335
312.40004	1.235466
312.45004	1.2336005
312.50004	1.231737
312.55004	1.2298756
312.60004	1.2280161
312.65004	1.2261586
312.70004	1.2243032
312.75004	1.2224499
312.80004	1.2205987
312.85004	1.2187492
312.90004	1.2169018
312.95004	1.2150564
313.00004	1.2132131
313.05004	1.2113715
313.10004	1.2095323
313.15004	1.2076949
313.20004	1.2058593
313.25004	1.204026
313.30004	1.2021943
313.35004	1.2003649
313.40004	1.1985372
313.45004	1.1967117
313.50004	1.1948879
313.55004	1.1930664
313.60004	1.1912466
313.65004	1.1894288
313.70004	1.1876131
313.75004	1.1857991
313.80004	1.1839871
313.85004	1.1821772
313.90004	1.1803691
313.95004	1.1785629
314.00004	1.1767589
314.05004	1.1749566
314.10004	1.1731563
314.15004	1.1713579
314.20004	1.1695611
314.25004	1.1677667
314.30004	1.1659739
314.35004	1.1641833
314.40004	1.1623942
314.45004	1.1606073
314.50004	1.1588222
314.55004	1.157039
314.60004	1.1552577
314.65004	1.1534783
314.70004	1.1517007
314.75004	1.1499252
314.80004	1.1481514
314.85004	1.1463795
314.90004	1.1446095
314.95004	1.1428416
315.00004	1.1410754
315.05004	1.1393107
315.10004	1.1375482
315.15004	1.1357876
315.20004	1.1340289
315.25004	1.1332327
315.30004	1.1325028
315.35004	1.1317736
315.40004	1.131045
315.45004	1.1303173
315.50004	1.1295902
315.55004	1.1288638
315.60004	1.1281382
315.65004	1.1274132
315.70004	1.126689
315.75004	1.1259654
315.80004	1.1252425
315.85004	1.1245203
315.90004	1.1237988
315.95004	1.1230781
316.00004	1.1223581
316.05004	1.1216387
316.10004	1.1209201
316.15004	1.1202019
316.20004	1.1194847
316.25004	1.1187681
316.30004	1.1180522
316.35004	1.117337
316.40004	1.1166226
316.45004	1.1159086
316.50004	1.1151955
316.55004	1.1144829
316.60004	1.1137711
316.65004	1.11306
316.70004	1.1123495
316.75004	1.1116399
316.80004	1.1109307
316.85004	1.1102222
316.90004	1.1095146
316.95004	1.1088074
317.00004	1.1081011
317.05004	1.1073953
317.10004	1.1066903
317.15004	1.105986
317.20004	1.1052822
317.25004	1.1045792
317.30004	1.1038768
317.35004	1.1031753
317.40004	1.1024742
317.45004	1.1017737
317.50004	1.1010741
317.55004	1.1003752
317.60004	1.0996768
317.65004	1.098979
317.70004	1.0982821
317.75004	1.0975858
317.80004	1.0968901
317.85004	1.096195
317.90004	1.0955007
317.95004	1.0948069
318.00004	1.0941137
318.05004	1.0934215
318.10004	1.0927297
318.15004	1.0920385
318.20004	1.0913482
318.25004	1.0906582
318.30004	1.0899692
318.35004	1.0892806
318.40004	1.0885929
318.45004	1.0879056
318.50004	1.0872191
318.55004	1.0865332
318.60004	1.085848
318.65004	1.0851634
318.70004	1.0844793
318.75004	1.0837959
318.80004	1.0831132
318.85004	1.0824312
318.90004	1.0817498
318.95004	1.081069
319.00004	1.0803888
319.05004	1.0797093
319.10004	1.0790305
319.15004	1.0783523
319.20004	1.0776747
319.25004	1.0769978
319.30004	1.0763215
319.35004	1.0756457
319.40004	1.0749707
319.45004	1.0742962
319.50004	1.0736226
319.55004	1.0729493
319.60004	1.0722767
319.65004	1.0716048
319.70004	1.0709335
319.75004	1.0702628
319.80004	1.0695928
319.85004	1.0689235
319.90004	1.0682546
319.95004	1.0675863
320.00004	1.0669188
320.05004	1.0662519
320.10004	1.0655856
320.15004	1.0649198
320.20004	1.0642548
320.25004	1.0638788
320.30004	1.0635433
320.35004	1.0632081
320.40004	1.0628731
320.45004	1.0625383
320.50004	1.0622039
320.55004	1.0618696
320.60004	1.0615357
320.65004	1.061202
320.70004	1.0608686
320.75004	1.0605354
320.80004	1.0602025
320.85004	1.0598699
320.90004	1.0595375
320.95004	1.0592053
321.00004	1.0588735
321.05004	1.0585418
321.10004	1.0582104
321.15004	1.0578794
321.20004	1.0575485
321.25004	1.057218
321.30004	1.0568876
321.35004	1.0565575
321.40004	1.0562277
321.45004	1.0558981
321.50004	1.0555687
321.55004	1.0552396
321.60004	1.0549108
321.65004	1.0545822
321.70004	1.0542539
321.75004	1.0539259
321.80004	1.053598
321.85004	1.0532705
321.90004	1.0529432
321.95004	1.0526162
322.00004	1.0522894
322.05004	1.0519629
322.10004	1.0516366
322.15004	1.0513105
322.20004	1.0509847
322.25004	1.0506592
322.30004	1.0503339
322.35004	1.0500089
322.40004	1.0496842
322.45004	1.0493596
322.50004	1.0490352
322.55004	1.0487113
322.60004	1.0483875
322.65004	1.048064
322.70004	1.0477406
322.75004	1.0474175
322.80004	1.0470947
322.85004	1.0467722
322.90004	1.0464499
322.95004	1.0461278
323.00004	1.0458061
323.05004	1.0454843
323.10004	1.0451632
323.15004	1.044842
323.20004	1.0445212
323.25004	1.0442007
323.30004	1.0438802
323.35004	1.0435601
323.40004	1.0432403
323.45004	1.0429207
323.50004	1.0426012
323.55004	1.0422821
323.60004	1.0419632
323.65004	1.0416446
323.70004	1.0413262
323.75004	1.041008
323.80004	1.0406901
323.85004	1.0403724
323.90004	1.040055
323.95004	1.0397378
324.00004	1.0394208
324.05004	1.0391041
324.10004	1.0387876
324.15004	1.0384715
324.20004	1.0381553
324.25004	1.0378397
324.30004	1.0375242
324.35004	1.0372088
324.40004	1.0368937
324.45004	1.0365789
324.50004	1.0362644
324.55004	1.0359502
324.60004	1.0356359
324.65004	1.0353222
324.70004	1.0350085
324.75004	1.0346951
324.80004	1.034382
324.85004	1.0340691
324.90004	1.0337564
324.95004	1.0334439
325.00004	1.0331317
325.05004	1.0328197
325.10004	1.032508
325.15004	1.0321965
325.20004	1.0318853
325.25004	1.031213
325.30004	1.0305321
325.35004	1.029852
325.40004	1.0291721
325.45004	1.0284927
325.50004	1.027814
325.55004	1.0271357
325.60004	1.026458
325.65004	1.0257808
325.70004	1.0251311
325.75004	1.0247134
325.80004	1.0242957
325.85004	1.0238782
325.90004	1.023461
325.95004	1.0230441
326.00004	1.0226275
326.05004	1.022211
326.10004	1.0217948
326.15004	1.0213788
326.20004	1.0209712
326.25004	1.0208733
326.30004	1.0207756
326.35004	1.020678
326.40004	1.0205803
326.45004	1.0204828
326.50004	1.0203853
326.55004	1.0202878
326.60004	1.0201905
326.65004	1.020093
326.70004	1.0199956
326.75004	1.0193163
326.80004	1.0186228
326.85004	1.0179297
326.90004	1.0172373
326.95004	1.0165457
327.00004	1.0158544
327.05004	1.0151639
327.10004	1.0144742
327.15004	1.013785
327.20004	1.0130965
327.25004	1.0123241
327.30004	1.0115482
327.35004	1.0107733
327.40004	1.0099989
327.45004	1.0092254
327.50004	1.0084529
327.55004	1.007681
327.60004	1.0069101
327.65004	1.0061398
327.70004	1.0053748
327.75004	1.0048192
327.80004	1.0042638
327.85004	1.0037086
327.90004	1.0031534
327.95004	1.0025983
328.00004	1.0020435
328.05004	1.0014888
328.10004	1.0009344
328.15004	1.00038
328.20004	0.99982578
328.25004	0.99915105
328.30004	0.99847639
328.35004	0.9978022
328.40004	0.99712843
328.45004	0.99645519
328.50004	0.99578238
328.55004	0.99510998
328.60004	0.99443793
328.65004	0.99376643
328.70004	0.99312723
328.75004	0.99293613
328.80004	0.99274498
328.85004	0.99255425
328.90004	0.99236327
328.95004	0.99217242
329.00004	0.9919818
329.05004	0.99179107
329.10004	0.99160033
329.15004	0.99141002
329.20004	0.9911887
329.25004	0.99029142
329.30004	0.9893949
329.35004	0.98849928
329.40004	0.98760426
329.45004	0.98670983
329.50004	0.98581642
329.55004	0.9849236
329.60004	0.9840315
329.65004	0.98314029
329.70004	0.9822495
329.75004	0.98043418
329.80004	0.97891623
329.85004	0.97763503
329.90004	0.97653908
329.95004	0.97559094
330.00004	0.97476262
330.05004	0.97403282
330.10004	0.9733848
330.15004	0.9728055
330.20004	0.9722746
330.25004	0.97166264
330.30004	0.9710508
330.35004	0.9704392
330.40004	0.96982819
330.45004	0.96921718
330.50004	0.96860665
330.55004	0.9679963
330.60004	0.96738636
330.65004	0.96677667
330.70004	0.96616721
330.75004	0.96555817
330.80004	0.96494931
330.85004	0.96434069
330.90004	0.9637326
330.95004	0.96312451
331.00004	0.96251708
331.05004	0.96190953
331.10004	0.96130264
331.15004	0.96069574
331.20004	0.96008921
331.25004	0.95948303
331.30004	0.95887721
331.35004	0.9582715
331.40004	0.95766622
331.45004	0.95706117
331.50004	0.95645642
331.55004	0.95585179
331.60004	0.95524782
331.65004	0.95464379
331.70004	0.95404035
331.75004	0.95343691
331.80004	0.95283401
331.85004	0.95223117
331.90004	0.95162863
331.95004	0.95102656
332.00004	0.95042461
332.05004	0.9498232
332.10004	0.94922179
332.15004	0.94862092
332.20004	0.94801998
332.25004	0.94741964
332.30004	0.94681942
332.35004	0.94621962
332.40004	0.94562006
332.45004	0.94502079
332.50004	0.94442177
332.55004	0.94382304
332.60004	0.94322455
332.65004	0.94262648
332.70004	0.94202852
332.75004	0.94143111
332.80004	0.94083369
332.85004	0.94023681
332.90004	0.93963993
332.95004	0.93904352
333.00004	0.93844736
333.05004	0.93785149
333.10004	0.93725586
333.15004	0.93666059
333.20004	0.93606555
333.25004	0.93547082
333.30004	0.9348762
333.35004	0.93428206
333.40004	0.93368816
333.45004	0.93309456
333.50004	0.93250126
333.55004	0.93190813
333.60004	0.93131542
333.65004	0.93072277
333.70004	0.93013072
333.75004	0.92953867
333.80004	0.92894709
333.85004	0.92835563
333.90004	0.92776465
333.95004	0.92717373
334.00004	0.92658317
334.05004	0.92599291
334.10004	0.925403
334.15004	0.92481327
334.20004	0.92422384
334.25004	0.92363471
334.30004	0.92304587
334.35004	0.92245716
334.40004	0.92186892
334.45004	0.9212808
334.50004	0.92069322
334.55004	0.92010558
334.60004	0.91951853
334.65004	0.91893154
334.70004	0.91834486
334.75004	0.91775852
334.80004	0.91717237
334.85004	0.91658658
334.90004	0.91600096
334.95004	0.91541576
335.00004	0.91483068
335.05004	0.91424596
335.10004	0.91366154
335.15004	0.91307735
335.20004	0.91249347
335.25004	0.9120211
335.30004	0.91156685
335.35004	0.91111302
335.40004	0.91065931
335.45004	0.91020614
335.50004	0.90975326
335.55004	0.90930068
335.60004	0.90884835
335.65004	0.90839636
335.70004	0.90794474
335.75004	0.90749347
335.80004	0.90704238
335.85004	0.90659177
335.90004	0.90614146
335.95004	0.9056915
336.00004	0.90524179
336.05004	0.90479243
336.10004	0.90434337
336.15004	0.90389472
336.20004	0.90344626
336.25004	0.90299821
336.30004	0.90255046
336.35004	0.90210307
336.40004	0.90165591
336.45004	0.90120906
336.50004	0.90076262
336.55004	0.90031636
336.60004	0.89987057
336.65004	0.89942491
336.70004	0.89897978
336.75004	0.89853489
336.80004	0.8980903
336.85004	0.89764601
336.90004	0.89720207
336.95004	0.8967585
337.00004	0.89631522
337.05004	0.89587212
337.10004	0.89542943
337.15004	0.89498711
337.20004	0.89454508
337.25004	0.89410329
337.30004	0.89366192
337.35004	0.89322078
337.40004	0.89278001
337.45004	0.89233947
337.50004	0.89189917
337.55004	0.89145935
337.60004	0.89101982
337.65004	0.89058048
337.70004	0.89014161
337.75004	0.88970298
337.80004	0.8892647
337.85004	0.88882661
337.90004	0.88838893
337.95004	0.88795161
338.00004	0.88751459
338.05004	0.88707775
338.10004	0.88664126
338.15004	0.88620514
338.20004	0.88576931
338.25004	0.88533378
338.30004	0.88489848
338.35004	0.88446355
338.40004	0.88402897
338.45004	0.88359463
338.50004	0.88316047
338.55004	0.88272685
338.60004	0.88229346
338.65004	0.88186044
338.70004	0.88142753
338.75004	0.88099504
338.80004	0.8805629
338.85004	0.88013107
338.90004	0.87969941
338.95004	0.87926817
339.00004	0.87883723
339.05004	0.87840658
339.10004	0.87797606
339.15004	0.87754613
339.20004	0.87711632
339.25004	0.87668687
339.30004	0.87625766
339.35004	0.8758288
339.40004	0.87540019
339.45004	0.87497193
339.50004	0.87454391
339.55004	0.87411624
339.60004	0.87368888
339.65004	0.87326181
339.70004	0.87283498
339.75004	0.87240857
339.80004	0.8719824
339.85004	0.87155652
339.90004	0.87113082
339.95004	0.8707056
340.00004	0.87028062
340.05004	0.869856
340.10004	0.86943161
340.15004	0.86900741
340.20004	0.86857116
340.25004	0.86804193
340.30004	0.86751336
340.35004	0.86698514
340.40004	0.86645734
340.45004	0.86593008
340.50004	0.86540323
340.55004	0.86487687
340.60004	0.86435091
340.65004	0.8638255
340.70004	0.86330032
340.75004	0.86277562
340.80004	0.86225158
340.85004	0.86172783
340.90004	0.86120456
340.95004	0.86068165
341.00004	0.86015934
341.05004	0.85963732
341.10004	0.85911572
341.15004	0.85859472
341.20004	0.85807407
341.25004	0.8575539
341.30004	0.85703403
341.35004	0.85651469
341.40004	0.85599589
341.45004	0.85547745
341.50004	0.85495937
341.55004	0.85444176
341.60004	0.85392481
341.65004	0.85340804
341.70004	0.85289156
341.75004	0.85237586
341.80004	0.85186046
341.85004	0.85134554
341.90004	0.85083097
341.95004	0.85031688
342.00004	0.84980315
342.05004	0.84928989
342.10004	0.84877717
342.15004	0.84826463
342.20004	0.84775275
342.25004	0.84724116
342.30004	0.84673017
342.35004	0.84621936
342.40004	0.84570915
342.45004	0.84519935
342.50004	0.84468997
342.55004	0.84418094
342.60004	0.84367234
342.65004	0.84316427
342.70004	0.84265661
342.75004	0.8421492
342.80004	0.84164238
342.85004	0.84113598
342.90004	0.84063005
342.95004	0.84012443
343.00004	0.8396191
343.05004	0.83911449
343.10004	0.83861011
343.15004	0.83810622
343.20004	0.83760267
343.25004	0.83709967
343.30004	0.83659697
343.35004	0.83609468
343.40004	0.83559287
343.45004	0.83509141
343.50004	0.83459049
343.55004	0.83408988
343.60004	0.83358967
343.65004	0.83308989
343.70004	0.83259058
343.75004	0.83209169
343.80004	0.83159304
343.85004	0.83109504
343.90004	0.83059728
343.95004	0.8301
344.00004	0.82960314
344.05004	0.82910657
344.10004	0.8286106
344.15004	0.82811493
344.20004	0.82761979
344.25004	0.82712477
344.30004	0.82663035
344.35004	0.82613647
344.40004	0.82564282
344.45004	0.82514954
344.50004	0.82465672
344.55004	0.82416439
344.60004	0.82367235
344.65004	0.82318068
344.70004	0.82268953
344.75004	0.82219875
344.80004	0.82170844
344.85004	0.82121831
344.90004	0.82072878
344.95004	0.82023966
345.00004	0.81975079
345.05004	0.8192625
345.10004	0.8187744
345.15004	0.8182869
345.20004	0.81779963
345.25004	0.81744021
345.30004	0.81710601
345.35004	0.81677222
345.40004	0.81643862
345.45004	0.81610548
345.50004	0.81577265
345.55004	0.8154403
345.60004	0.8151083
345.65004	0.81477654
345.70004	0.81444526
345.75004	0.81411439
345.80004	0.81378388
345.85004	0.81345373
345.90004	0.81312376
345.95004	0.81279439
346.00004	0.81246519
346.05004	0.81213641
346.10004	0.81180811
346.15004	0.81147993
346.20004	0.81115234
346.25004	0.81082505
346.30004	0.81049812
346.35004	0.8101716
346.40004	0.80984527
346.45004	0.80951935
346.50004	0.80919385
346.55004	0.80886871
346.60004	0.80854392
346.65004	0.80821937
346.70004	0.8078953
346.75004	0.80757165
346.80004	0.80724823
346.85004	0.80692524
346.90004	0.80660242
346.95004	0.80628014
347.00004	0.80595815
347.05004	0.80563653
347.10004	0.80531526
347.15004	0.8049944
347.20004	0.80467373
347.25004	0.80435354
347.30004	0.8040337
347.35004	0.80371416
347.40004	0.80339491
347.45004	0.80307597
347.50004	0.8027575
347.55004	0.80243939
347.60004	0.80212158
347.65004	0.80180413
347.70004	0.80148691
347.75004	0.80117023
347.80004	0.80085373
347.85004	0.80053759
347.90004	0.8002218
347.95004	0.79990637
348.00004	0.7995913
348.05004	0.79927659
348.10004	0.79896218
348.15004	0.79864818
348.20004	0.79833442
348.25004	0.79802102
348.30004	0.79770792
348.35004	0.79739517
348.40004	0.79708284
348.45004	0.79677075
348.50004	0.79645902
348.55004	0.7961477
348.60004	0.79583663
348.65004	0.79552597
348.70004	0.79521555
348.75004	0.79490548
348.80004	0.79459572
348.85004	0.79428631
348.90004	0.79397732
348.95004	0.79366857
349.00004	0.79336017
349.05004	0.79305214
349.10004	0.7927444
349.15004	0.79243702
349.20004	0.79212987
349.25004	0.79182297
349.30004	0.7915166
349.35004	0.79121047
349.40004	0.7909047
349.45004	0.79059929
349.50004	0.79029405
349.55004	0.78998929
349.60004	0.78968483
349.65004	0.78938067
349.70004	0.78907675
349.75004	0.78877318
349.80004	0.78846997
349.85004	0.78816706
349.90004	0.78786457
349.95004	0.78756231
350.00004	0.78726035
350.05004	0.78695875
350.10004	0.78665745
350.15004	0.78635639
350.20004	0.78605574
350.25004	0.78579241
350.30004	0.78553194
350.35004	0.78527182
350.40004	0.78501171
350.45004	0.78475195
350.50004	0.78449231
350.55004	0.78423285
350.60004	0.78397357
350.65004	0.78371441
350.70004	0.78345561
350.75004	0.78319687
350.80004	0.78293842
350.85004	0.78268003
350.90004	0.78242201
350.95004	0.78216404
351.00004	0.78190625
351.05004	0.78164864
351.10004	0.78139138
351.15004	0.78113419
351.20004	0.78087711
351.25004	0.78062022
351.30004	0.78036374
351.35004	0.78010726
351.40004	0.77985096
351.45004	0.77959484
351.50004	0.77933908
351.55004	0.77908331
351.60004	0.77882767
351.65004	0.77857238
351.70004	0.77831727
351.75004	0.77806234
351.80004	0.77780747
351.85004	0.77755296
351.90004	0.77729851
351.95004	0.77704436
352.00004	0.77679032
352.05004	0.77653646
352.10004	0.77628273
352.15004	0.77602923
352.20004	0.77577591
352.25004	0.77552277
352.30004	0.77526981
352.35004	0.77501714
352.40004	0.77476454
352.45004	0.77451211
352.50004	0.77425981
352.55004	0.77400774
352.60004	0.77375603
352.65004	0.7735042
352.70004	0.77325279
352.75004	0.77300149
352.80004	0.77275038
352.85004	0.77249932
352.90004	0.77224863
352.95004	0.77199805
353.00004	0.77174765
353.05004	0.77149731
353.10004	0.77124733
353.15004	0.77099741
353.20004	0.77074778
353.25004	0.77049816
353.30004	0.77024889
353.35004	0.76999968
353.40004	0.76975077
353.45004	0.76950186
353.50004	0.76925319
353.55004	0.76900488
353.60004	0.76875657
353.65004	0.76850849
353.70004	0.76826054
353.75004	0.76801282
353.80004	0.76776522
353.85004	0.76751786
353.90004	0.76727057
353.95004	0.76702362
354.00004	0.76677674
354.05004	0.76653016
354.10004	0.76628345
354.15004	0.76603723
354.20004	0.76579106
354.25004	0.76554513
354.30004	0.7652992
354.35004	0.76505369
354.40004	0.76480818
354.45004	0.76456285
354.50004	0.76431775
354.55004	0.76407272
354.60004	0.7638281
354.65004	0.76358342
354.70004	0.76333898
354.75004	0.76309472
354.80004	0.76285076
354.85004	0.7626068
354.90004	0.76236302
354.95004	0.76211947
355.00004	0.76187617
355.05004	0.76163298
355.10004	0.76138985
355.15004	0.76114696
355.20004	0.76090431
355.25004	0.76067156
355.30004	0.76044065
355.35004	0.7602101
355.40004	0.75997955
355.45004	0.75974935
355.50004	0.75951916
355.55004	0.75928938
355.60004	0.75905955
355.65004	0.75883007
355.70004	0.75860071
355.75004	0.75837153
355.80004	0.75814247
355.85004	0.75791377
355.90004	0.75768501
355.95004	0.75745672
356.00004	0.75722843
356.05004	0.75700033
356.10004	0.7567724
356.15004	0.75654477
356.20004	0.7563172
356.25004	0.75608993
356.30004	0.75586265
356.35004	0.7556358
356.40004	0.75540888
356.45004	0.75518239
356.50004	0.75495589
356.55004	0.75472963
356.60004	0.75450355
356.65004	0.75427771
356.70004	0.75405186
356.75004	0.75382644
356.80004	0.75360101
356.85004	0.75337595
356.90004	0.75315082
356.95004	0.75292611
357.00004	0.7527014
357.05004	0.75247699
357.10004	0.75225264
357.15004	0.75202858
357.20004	0.75180471
357.25004	0.75158095
357.30004	0.75135744
357.35004	0.75113392
357.40004	0.75091076
357.45004	0.75068766
357.50004	0.75046492
357.55004	0.75024217
357.60004	0.75001967
357.65004	0.74979728
357.70004	0.74957514
357.75004	0.74935317
357.80004	0.74913144
357.85004	0.74890965
357.90004	0.74868828
357.95004	0.74846703
358.00004	0.74824584
358.05004	0.74802488
358.10004	0.74780422
358.15004	0.74758363
358.20004	0.74736321
358.25004	0.74714291
358.30004	0.74692297
358.35004	0.74670291
358.40004	0.74648327
358.45004	0.74626374
358.50004	0.74604428
358.55004	0.74582505
358.60004	0.74560612
358.65004	0.74538714
358.70004	0.74516857
358.75004	0.74495
358.80004	0.74473178
358.85004	0.74451345
358.90004	0.74429548
358.95004	0.74407768
359.00004	0.74386001
359.05004	0.74364251
359.10004	0.74342519
359.15004	0.74320799
359.20004	0.74299103
359.25004	0.74277419
359.30004	0.74255759
359.35004	0.7423411
359.40004	0.7421248
359.45004	0.74190861
359.50004	0.74169266
359.55004	0.74147689
359.60004	0.7412613
359.65004	0.74104577
359.70004	0.74083048
359.75004	0.74061531
359.80004	0.74040037
359.85004	0.74018556
359.90004	0.73997098
359.95004	0.73975641
360.00004	0.73954219
360.05004	0.73932809
360.10004	0.73911411
360.15004	0.7389003
360.20004	0.73868668
360.25004	0.73840833
360.30004	0.73813015
360.35004	0.73785228
360.40004	0.7375747
360.45004	0.73729724
360.50004	0.73702013
360.55004	0.73674327
360.60004	0.73646653
360.65004	0.73619014
360.70004	0.73591399
360.75004	0.73563808
360.80004	0.73536235
360.85004	0.7350871
360.90004	0.73481178
360.95004	0.73453689
361.00004	0.73426223
361.05004	0.73398769
361.10004	0.73371357
361.15004	0.73343956
361.20004	0.73316586
361.25004	0.73289233
361.30004	0.73261917
361.35004	0.73234606
361.40004	0.73207331
361.45004	0.73180091
361.50004	0.73152852
361.55004	0.73125654
361.60004	0.73098475
361.65004	0.73071319
361.70004	0.73044187
361.75004	0.73017079
361.80004	0.72989988
361.85004	0.72962928
361.90004	0.72935897
361.95004	0.72908884
362.00004	0.72881895
362.05004	0.7285493
362.10004	0.72827989
362.15004	0.72801065
362.20004	0.72774172
362.25004	0.72747314
362.30004	0.7272045
362.35004	0.72693634
362.40004	0.72666836
362.45004	0.72640049
362.50004	0.72613299
362.55004	0.72586572
362.60004	0.72559863
362.65004	0.72533178
362.70004	0.72506523
362.75004	0.72479886
362.80004	0.72453278
362.85004	0.72426683
362.90004	0.72400105
362.95004	0.72373569
363.00004	0.72347045
363.05004	0.72320545
363.10004	0.72294074
363.15004	0.72267622
363.20004	0.72241193
363.25004	0.72214782
363.30004	0.72188401
363.35004	0.72162038
363.40004	0.72135705
363.45004	0.72109389
363.50004	0.72083092
363.55004	0.7205683
363.60004	0.7203058
363.65004	0.72004354
363.70004	0.71978152
363.75004	0.71951979
363.80004	0.71925819
363.85004	0.71899694
363.90004	0.71873581
363.95004	0.71847486
364.00004	0.71821427
364.05004	0.7179538
364.10004	0.71769357
364.15004	0.71743357
364.20004	0.71717393
364.25004	0.7169143
364.30004	0.71665502
364.35004	0.71639597
364.40004	0.71613699
364.45004	0.71587843
364.50004	0.71561998
364.55004	0.71536189
364.60004	0.71510381
364.65004	0.71484613
364.70004	0.71458858
364.75004	0.71433121
364.80004	0.71407419
364.85004	0.71381724
364.90004	0.71356058
364.95004	0.71330422
365.00004	0.71304804
365.05004	0.71279192
365.10004	0.71253616
365.15004	0.71228069
365.20004	0.7120266
365.25004	0.71178061
365.30004	0.71153498
365.35004	0.71128953
365.40004	0.71104413
365.45004	0.71079916
365.50004	0.71055436
365.55004	0.71030986
365.60004	0.71006554
365.65004	0.7098214
365.70004	0.70957762
365.75004	0.70933396
365.80004	0.70909065
365.85004	0.70884734
365.90004	0.70860451
365.95004	0.70836186
366.00004	0.70811939
366.05004	0.70787722
366.10004	0.70763516
366.15004	0.70739347
366.20004	0.70715183
366.25004	0.70691061
366.30004	0.70666963
366.35004	0.70642865
366.40004	0.70618814
366.45004	0.70594776
366.50004	0.70570767
366.55004	0.70546764
366.60004	0.70522797
366.65004	0.70498854
366.70004	0.70474935
366.75004	0.70451033
366.80004	0.70427155
366.85004	0.70403296
366.90004	0.70379466
366.95004	0.70355654
367.00004	0.70331866
367.05004	0.70308101
367.10004	0.70284361
367.15004	0.70260644
367.20004	0.70236945
367.25004	0.7021327
367.30004	0.70189613
367.35004	0.70165986
367.40004	0.70142388
367.45004	0.70118791
367.50004	0.70095235
367.55004	0.70071691
367.60004	0.70048171
367.65004	0.70024675
367.70004	0.70001197
367.75004	0.69977748
367.80004	0.69954318
367.85004	0.69930911
367.90004	0.69907516
367.95004	0.69884157
368.00004	0.69860822
368.05004	0.69837493
368.10004	0.69814205
368.15004	0.69790912
368.20004	0.69767666
368.25004	0.69744438
368.30004	0.69721222
368.35004	0.6969803
368.40004	0.69674861
368.45004	0.69651717
368.50004	0.69628596
368.55004	0.696055
368.60004	0.69582415
368.65004	0.69559348
368.70004	0.6953631
368.75004	0.69513297
368.80004	0.69490296
368.85004	0.6946733
368.90004	0.6944437
368.95004	0.69421446
369.00004	0.69398534
369.05004	0.6937564
369.10004	0.69352776
369.15004	0.69329935
369.20004	0.69307119
369.25004	0.69284302
369.30004	0.69261521
369.35004	0.69238758
369.40004	0.69216025
369.45004	0.69193304
369.50004	0.691706
369.55004	0.69147927
369.60004	0.69125271
369.65004	0.69102639
369.70004	0.69080025
369.75004	0.69057423
369.80004	0.69034857
369.85004	0.69012308
369.90004	0.68989778
369.95004	0.68967259
370.00004	0.68944776
370.05004	0.68922311
370.10004	0.68899864
370.15004	0.68877429
370.20004	0.68855262
370.25004	0.68834138
370.30004	0.68813032
370.35004	0.68791944
370.40004	0.68770885
370.45004	0.68749845
370.50004	0.68728817
370.55004	0.68707812
370.60004	0.68686831
370.65004	0.68665856
370.70004	0.68644917
370.75004	0.68623984
370.80004	0.68603086
370.85004	0.68582195
370.90004	0.68561321
370.95004	0.68540472
371.00004	0.68519652
371.05004	0.68498844
371.10004	0.68478054
371.15004	0.68457282
371.20004	0.68436527
371.25004	0.68415797
371.30004	0.68395084
371.35004	0.68374395
371.40004	0.68353719
371.45004	0.68333066
371.50004	0.68312424
371.55004	0.68291813
371.60004	0.68271214
371.65004	0.68250644
371.70004	0.68230087
371.75004	0.68209541
371.80004	0.68189019
371.85004	0.68168515
371.90004	0.68148035
371.95004	0.68127573
372.00004	0.68107134
372.05004	0.68086708
372.10004	0.68066299
372.15004	0.68045908
372.20004	0.68025541
372.25004	0.68005198
372.30004	0.67984867
372.35004	0.67964548
372.40004	0.67944252
372.45004	0.67923981
372.50004	0.67903727
372.55004	0.67883492
372.60004	0.67863262
372.65004	0.67843068
372.70004	0.67822886
372.75004	0.67802727
372.80004	0.67782581
372.85004	0.67762458
372.90004	0.67742348
372.95004	0.67722255
373.00004	0.67702186
373.05004	0.67682135
373.10004	0.67662102
373.15004	0.67642087
373.20004	0.67622089
373.25004	0.6760211
373.30004	0.67582148
373.35004	0.67562205
373.40004	0.67542285
373.45004	0.67522371
373.50004	0.67502487
373.55004	0.6748262
373.60004	0.67462772
373.65004	0.67442936
373.70004	0.67423123
373.75004	0.67403322
373.80004	0.6738354
373.85004	0.67363781
373.90004	0.6734404
373.95004	0.67324317
374.00004	0.67304605
374.05004	0.67284912
374.10004	0.67265248
374.15004	0.67245591
374.20004	0.67225963
374.25004	0.67206341
374.30004	0.67186737
374.35004	0.67167157
374.40004	0.67147595
374.45004	0.67128044
374.50004	0.67108518
374.55004	0.67089015
374.60004	0.67069513
374.65004	0.6705004
374.70004	0.67030579
374.75004	0.67011136
374.80004	0.66991717
374.85004	0.66972309
374.90004	0.6695292
374.95004	0.66933554
375.00004	0.66914201
375.05004	0.66894859
375.10004	0.66875547
375.15004	0.66856241
375.20004	0.66837192
375.25004	0.66822457
375.30004	0.66807723
375.35004	0.66793007
375.40004	0.6677829
375.45004	0.66763604
375.50004	0.66748917
375.55004	0.66734236
375.60004	0.66719568
375.65004	0.66704911
375.70004	0.66690254
375.75004	0.66675621
375.80004	0.66660982
375.85004	0.66646367
375.90004	0.66631752
375.95004	0.66617155
376.00004	0.66602558
376.05004	0.66587985
376.10004	0.66573405
376.15004	0.66558844
376.20004	0.66544294
376.25004	0.66529739
376.30004	0.66515207
376.35004	0.66500682
376.40004	0.66486156
376.45004	0.66471654
376.50004	0.66457164
376.55004	0.66442674
376.60004	0.6642819
376.65004	0.66413724
376.70004	0.6639927
376.75004	0.66384822
376.80004	0.6637038
376.85004	0.66355944
376.90004	0.66341531
376.95004	0.66327113
377.00004	0.66312712
377.05004	0.66298318
377.10004	0.66283935
377.15004	0.66269553
377.20004	0.66255188
377.25004	0.66240835
377.30004	0.66226488
377.35004	0.66212147
377.40004	0.66197819
377.45004	0.66183501
377.50004	0.66169196
377.55004	0.66154897
377.60004	0.66140604
377.65004	0.66126323
377.70004	0.66112053
377.75004	0.6609779
377.80004	0.66083539
377.85004	0.66069287
377.90004	0.66055053
377.95004	0.66040832
378.00004	0.6602661
378.05004	0.66012406
378.10004	0.65998197
378.15004	0.65984011
378.20004	0.65969825
378.25004	0.65955657
378.30004	0.65941489
378.35004	0.65927345
378.40004	0.659132
378.45004	0.65899068
378.50004	0.65884942
378.55004	0.65870827
378.60004	0.65856719
378.65004	0.65842623
378.70004	0.65828526
378.75004	0.65814453
378.80004	0.65800381
378.85004	0.6578632
378.90004	0.65772265
378.95004	0.65758228
379.00004	0.65744185
379.05004	0.65730155
379.10004	0.65716141
379.15004	0.65702128
379.20004	0.65688139
379.25004	0.65674144
379.30004	0.65660161
379.35004	0.65646189
379.40004	0.6563223
379.45004	0.65618277
379.50004	0.65604329
379.55004	0.65590388
379.60004	0.6557647
379.65004	0.65562546
379.70004	0.6554864
379.75004	0.65534741
379.80004	0.65520853
379.85004	0.65506971
379.90004	0.65493089
379.95004	0.65479231
380.00004	0.65465367
380.05004	0.65451521
380.10004	0.6543768
380.15004	0.65423846
380.20004	0.65409958
380.25004	0.65390193
380.30004	0.65370446
380.35004	0.65350717
380.40004	0.65330994
380.45004	0.65311283
380.50004	0.65291578
380.55004	0.65271884
380.60004	0.65252197
380.65004	0.65232527
380.70004	0.6521287
380.75004	0.65193218
380.80004	0.65173572
380.85004	0.6515395
380.90004	0.65134335
380.95004	0.65114725
381.00004	0.65095127
381.05004	0.65075547
381.10004	0.6505596
381.15004	0.65036392
381.20004	0.65016836
381.25004	0.64997298
381.30004	0.64977765
381.35004	0.64958239
381.40004	0.64938724
381.45004	0.64919227
381.50004	0.64899731
381.55004	0.64880252
381.60004	0.64860779
381.65004	0.64841324
381.70004	0.64821869
381.75004	0.64802432
381.80004	0.64783007
381.85004	0.64763582
381.90004	0.6474418
381.95004	0.64724785
382.00004	0.6470539
382.05004	0.64686006
382.10004	0.64666647
382.15004	0.64647293
382.20004	0.64627945
382.25004	0.64608604
382.30004	0.64589286
382.35004	0.64569974
382.40004	0.64550668
382.45004	0.64531374
382.50004	0.64512092
382.55004	0.64492822
382.60004	0.64473552
382.65004	0.64454299
382.70004	0.64435065
382.75004	0.6441583
382.80004	0.64396608
382.85004	0.64377391
382.90004	0.64358193
382.95004	0.64339006
383.00004	0.64319819
383.05004	0.6430065
383.10004	0.64281487
383.15004	0.64262342
383.20004	0.64243203
383.25004	0.6422407
383.30004	0.64204949
383.35004	0.64185846
383.40004	0.64166743
383.45004	0.64147657
383.50004	0.64128578
383.55004	0.6410951
383.60004	0.64090461
383.65004	0.64071405
383.70004	0.64052367
383.75004	0.64033347
383.80004	0.64014328
383.85004	0.6399532
383.90004	0.63976312
383.95004	0.63957322
384.00004	0.63938349
384.05004	0.63919383
384.10004	0.63900423
384.15004	0.63881475
384.20004	0.63862544
384.25004	0.6384362
384.30004	0.63824695
384.35004	0.63805789
384.40004	0.637869
384.45004	0.63768011
384.50004	0.63749135
384.55004	0.6373027
384.60004	0.63711417
384.65004	0.6369257
384.70004	0.63673729
384.75004	0.63654906
384.80004	0.63636088
384.85004	0.63617271
384.90004	0.63598478
384.95004	0.63579684
385.00004	0.63560921
385.05004	0.63542145
385.10004	0.63523388
385.15004	0.63504642
385.20004	0.63485855
385.25004	0.63464719
385.30004	0.63443601
385.35004	0.63422495
385.40004	0.63401401
385.45004	0.63380319
385.50004	0.63359267
385.55004	0.63338208
385.60004	0.6331718
385.65004	0.63296151
385.70004	0.63275146
385.75004	0.6325416
385.80004	0.63233173
385.85004	0.63212216
385.90004	0.63191265
385.95004	0.63170332
386.00004	0.6314941
386.05004	0.63128495
386.10004	0.63107604
386.15004	0.63086724
386.20004	0.63065863
386.25004	0.63045007
386.30004	0.63024175
386.35004	0.63003349
386.40004	0.62982535
386.45004	0.62961745
386.50004	0.62940961
386.55004	0.62920201
386.60004	0.62899441
386.65004	0.62878698
386.70004	0.62857974
386.75004	0.62837261
386.80004	0.62816566
386.85004	0.62795877
386.90004	0.62775218
386.95004	0.62754554
387.00004	0.62733907
387.05004	0.62713289
387.10004	0.62692672
387.15004	0.62672079
387.20004	0.62651479
387.25004	0.6263091
387.30004	0.62610346
387.35004	0.625898
387.40004	0.62569273
387.45004	0.62548751
387.50004	0.62528259
387.55004	0.62507761
387.60004	0.62487274
387.65004	0.62466812
387.70004	0.62446368
387.75004	0.62425929
387.80004	0.62405503
387.85004	0.623851
387.90004	0.62364703
387.95004	0.62344319
388.00004	0.62323952
388.05004	0.62303591
388.10004	0.6228326
388.15004	0.62262923
388.20004	0.62242609
388.25004	0.62222314
388.30004	0.62202024
388.35004	0.62181753
388.40004	0.62161487
388.45004	0.62141246
388.50004	0.6212101
388.55004	0.6210078
388.60004	0.6208058
388.65004	0.62060386
388.70004	0.62040216
388.75004	0.6202004
388.80004	0.61999893
388.85004	0.61979747
388.90004	0.61959618
388.95004	0.61939508
389.00004	0.61919409
389.05004	0.61899328
389.10004	0.61879247
389.15004	0.61859179
389.20004	0.61839139
389.25004	0.61819106
389.30004	0.61799085
389.35004	0.61779076
389.40004	0.6175909
389.45004	0.61739105
389.50004	0.61719137
389.55004	0.61699182
389.60004	0.61679238
389.65004	0.61659312
389.70004	0.61639392
389.75004	0.61619502
389.80004	0.61599606
389.85004	0.61579728
389.90004	0.61559874
389.95004	0.61540014
390.00004	0.61520177
390.05004	0.61500359
390.10004	0.61480546
390.15004	0.61460751
390.20004	0.61440992
390.25004	0.61423862
390.30004	0.6140672
390.35004	0.61389595
390.40004	0.61372477
390.45004	0.61355376
390.50004	0.61338276
390.55004	0.61321193
390.60004	0.6130411
390.65004	0.61287045
390.70004	0.61269981
390.75004	0.61252922
390.80004	0.61235881
390.85004	0.61218846
390.90004	0.61201823
390.95004	0.61184806
391.00004	0.61167794
391.05004	0.61150795
391.10004	0.61133814
391.15004	0.61116832
391.20004	0.61099857
391.25004	0.61082894
391.30004	0.61065948
391.35004	0.61049002
391.40004	0.61032057
391.45004	0.61015129
391.50004	0.60998213
391.55004	0.60981303
391.60004	0.60964406
391.65004	0.60947508
391.70004	0.60930634
391.75004	0.60913759
391.80004	0.60896891
391.85004	0.60880035
391.90004	0.60863197
391.95004	0.60846353
392.00004	0.6082952
392.05004	0.60812694
392.10004	0.60795885
392.15004	0.60779083
392.20004	0.60762286
392.25004	0.60745502
392.30004	0.60728729
392.35004	0.60711962
392.40004	0.60695195
392.45004	0.60678446
392.50004	0.60661709
392.55004	0.60644978
392.60004	0.60628247
392.65004	0.60611528
392.70004	0.60594827
392.75004	0.6057812
392.80004	0.6056143
392.85004	0.60544747
392.90004	0.60528082
392.95004	0.60511422
393.00004	0.60494763
393.05004	0.60478109
393.10004	0.60461473
393.15004	0.6044485
393.20004	0.60428226
393.25004	0.60411614
393.30004	0.60395014
393.35004	0.60378414
393.40004	0.60361832
393.45004	0.60345256
393.50004	0.60328686
393.55004	0.60312128
393.60004	0.60295576
393.65004	0.60279036
393.70004	0.60262495
393.75004	0.60245973
393.80004	0.60229456
393.85004	0.60212946
393.90004	0.60196441
393.95004	0.60179961
394.00004	0.60163468
394.05004	0.60146993
394.10004	0.60130525
394.15004	0.6011408
394.20004	0.60097629
394.25004	0.60081184
394.30004	0.60064745
394.35004	0.6004833
394.40004	0.60031915
394.45004	0.60015512
394.50004	0.59999108
394.55004	0.59982723
394.60004	0.59966344
394.65004	0.59949964
394.70004	0.59933597
394.75004	0.59917247
394.80004	0.59900898
394.85004	0.5988456
394.90004	0.59868222
394.95004	0.59851903
395.00004	0.59835595
395.05004	0.59819287
395.10004	0.59802991
395.15004	0.59786701
395.20004	0.59770429
395.25004	0.59756076
395.30004	0.59741712
395.35004	0.59727359
395.40004	0.59712988
395.45004	0.59698629
395.50004	0.59684271
395.55004	0.59669906
395.60004	0.59655547
395.65004	0.59641182
395.70004	0.59626806
395.75004	0.59612441
395.80004	0.59598076
395.85004	0.59583712
395.90004	0.59569341
395.95004	0.59554976
396.00004	0.595406
396.05004	0.59526223
396.10004	0.59511858
396.15004	0.59497482
396.20004	0.59483117
396.25004	0.5946874
396.30004	0.59454364
396.35004	0.59439981
396.40004	0.5942561
396.45004	0.59411228
396.50004	0.59396851
396.55004	0.59382474
396.60004	0.59368098
396.65004	0.59353709
396.70004	0.59339327
396.75004	0.59324944
396.80004	0.59310561
396.85004	0.59296179
396.90004	0.59281796
396.95004	0.59267408
397.00004	0.59253019
397.05004	0.59238636
397.10004	0.59224242
397.15004	0.59209853
397.20004	0.59195465
397.25004	0.59181064
397.30004	0.59166676
397.35004	0.59152287
397.40004	0.59137893
397.45004	0.59123498
397.50004	0.5910911
397.55004	0.59094715
397.60004	0.59080309
397.65004	0.59065914
397.70004	0.59051514
397.75004	0.59037113
397.80004	0.59022719
397.85004	0.59008318
397.90004	0.58993912
397.95004	0.58979511
398.00004	0.58965105
398.05004	0.58950704
398.10004	0.58936304
398.15004	0.58921897
398.20004	0.58907491
398.25004	0.58893079
398.30004	0.58878672
398.35004	0.58864266
398.40004	0.58849853
398.45004	0.58835447
398.50004	0.58821034
398.55004	0.58806616
398.60004	0.5879221
398.65004	0.58777797
398.70004	0.58763379
398.75004	0.58748966
398.80004	0.58734542
398.85004	0.5872013
398.90004	0.58705711
398.95004	0.58691299
399.00004	0.58676875
399.05004	0.58662456
399.10004	0.58648044
399.15004	0.58633614
399.20004	0.58619189
399.25004	0.58604771
399.30004	0.58590341
399.35004	0.58575922
399.40004	0.58561492
399.45004	0.58547062
399.50004	0.58532637
399.55004	0.58518207
399.60004	0.58503777
399.65004	0.58489352
399.70004	0.58474922
399.75004	0.5846048
399.80004	0.58446056
399.85004	0.58431619
399.90004	0.58417189
399.95004	0.58402753
400.00004	0.58388311
400.05004	0.58373874
400.10004	0.58359438
400.15004	0.58344996
