Energy	DeltaPara	BetaPara	DeltaPerp	BetaPerp
1.000000000000000000e+01	-1.808537493682421948e-01	2.939758123882538210e-01	-1.775480042086531873e-01	2.939758123882538210e-01
1.016169999999999973e+01	-1.997388469702588154e-01	2.990008730224436029e-01	-1.965372948177717405e-01	2.990008730224436029e-01
1.032610000000000028e+01	-1.504459104895152222e-01	3.041177195739321326e-01	-1.473453128674793999e-01	3.041177195739321326e-01
1.049310000000000009e+01	-1.269147148053034746e-01	3.093606991714306642e-01	-1.239118486048081530e-01	3.093606991714306642e-01
1.066280000000000072e+01	-1.136320970555703691e-01	3.147280600071064582e-01	-1.107238757283193348e-01	3.147280600071064582e-01
1.083530000000000015e+01	-1.058732208653919010e-01	3.205245465405043293e-01	-1.030566845982962970e-01	3.205245465405043293e-01
1.101060000000000016e+01	-1.010208292942634950e-01	3.273475657486664137e-01	-9.829308663639853283e-02	3.273475657486664137e-01
1.118859999999999921e+01	-9.776440632104863027e-02	3.343919945584233333e-01	-9.512258825096900350e-02	3.343919945584233333e-01
1.136960000000000015e+01	-9.559812817469372226e-02	3.421201665624597488e-01	-9.303957743385270207e-02	3.421201665624597488e-01
1.155349999999999966e+01	-9.352402926932108784e-02	3.508461047697785662e-01	-9.104610375234173381e-02	3.508461047697785662e-01
1.174039999999999928e+01	-9.088923404634710601e-02	3.598663009549633029e-01	-8.848939788112272775e-02	3.598663009549633029e-01
1.193030000000000079e+01	-8.698704342452340255e-02	3.692429741465181325e-01	-8.466282098687141766e-02	3.692429741465181325e-01
1.212320000000000064e+01	-8.242437927929471830e-02	3.767680794727528704e-01	-8.017335601722529181e-02	3.767680794727528704e-01
1.231930000000000014e+01	-7.800046839317659186e-02	3.841167800788469755e-01	-7.582036197702408942e-02	3.841167800788469755e-01
1.251859999999999928e+01	-7.329183279659430561e-02	3.912079152735276066e-01	-7.118041285302188770e-02	3.912079152735276066e-01
1.272100000000000009e+01	-6.783003601436626839e-02	3.983555390514466055e-01	-6.578509306853079497e-02	3.983555390514466055e-01
1.292680000000000007e+01	-6.182528346074912112e-02	4.044112231697779558e-01	-5.984475791428939262e-02	4.044112231697779558e-01
1.313589999999999947e+01	-5.543670443425129796e-02	4.105647907174727052e-01	-5.351855291321819252e-02	4.105647907174727052e-01
1.334830000000000005e+01	-4.695431325449161974e-02	4.169311914642774286e-01	-4.509654291855201558e-02	4.169311914642774286e-01
1.356419999999999959e+01	-3.791064830470985969e-02	4.190581573577808472e-01	-3.611137017675835476e-02	4.190581573577808472e-01
1.378359999999999985e+01	-3.054176153254067536e-02	4.204340404963874400e-01	-2.879913037618460694e-02	4.204340404963874400e-01
1.400660000000000061e+01	-2.375464939733624645e-02	4.221940696255313541e-01	-2.206688848247338394e-02	4.221940696255313541e-01
1.423310000000000031e+01	-1.662543135508185235e-02	4.240610477845705439e-01	-1.499078268561869660e-02	4.240610477845705439e-01
1.446330000000000027e+01	-8.560793363185390317e-03	4.256116387692576164e-01	-6.977588072088193767e-03	4.256116387692576164e-01
1.469730000000000025e+01	2.311780242553028051e-04	4.254024419748526631e-01	1.764548526286355756e-03	4.254024419748526631e-01
1.493500000000000050e+01	7.894372742379557328e-03	4.226420185129389218e-01	9.379499739565496860e-03	4.226420185129389218e-01
1.517650000000000077e+01	1.384837291174550664e-02	4.200024017681590061e-01	1.528678824474869608e-02	4.200024017681590061e-01
1.542200000000000060e+01	1.885853578806027248e-02	4.173912960589380994e-01	2.025169721003182779e-02	4.173912960589380994e-01
1.567140000000000022e+01	2.304881183459052754e-02	4.149636640608128646e-01	2.439816092164840550e-02	4.149636640608128646e-01
1.590000000000000036e+01	2.625633712276913626e-02	4.129016569433783812e-01	2.756732533210614483e-02	4.129016569433783812e-01
1.592489999999999917e+01	2.661258690002509669e-02	4.126738717400519341e-01	2.791949617421223342e-02	4.126738717400519341e-01
1.610000000000000142e+01	2.832540422276723369e-02	4.104873064861009890e-01	2.960416231423253566e-02	4.104873064861009890e-01
1.618250000000000099e+01	2.893255878187595345e-02	4.094563112034658725e-01	3.019836878115978243e-02	4.094563112034658725e-01
1.644419999999999860e+01	2.407688988470964991e-02	4.033038206565792705e-01	2.530290864486560432e-02	4.033038206565792705e-01
1.671020000000000039e+01	7.526619662316347780e-05	4.057958809222815266e-01	1.262740599682934646e-03	4.057958809222815266e-01
1.698049999999999926e+01	1.818139199685113103e-02	4.803046380886752953e-01	1.933153983176299356e-02	4.803046380886752953e-01
1.725509999999999877e+01	6.777809611878268803e-02	4.677762196958866747e-01	6.889210561451387937e-02	4.677762196958866747e-01
1.753419999999999845e+01	9.166825886206714236e-02	4.558144491462536307e-01	9.274726387765831748e-02	4.558144491462536307e-01
1.781779999999999831e+01	1.097275881054108754e-01	4.439680331533748525e-01	1.107726958734852607e-01	4.439680331533748525e-01
1.810600000000000165e+01	1.241175607909141138e-01	4.309796147522458876e-01	1.251298403937085024e-01	4.309796147522458876e-01
1.839890000000000114e+01	1.355616146438387570e-01	4.185687416402156247e-01	1.365420988269920866e-01	4.185687416402156247e-01
1.869640000000000057e+01	1.454107319409376764e-01	4.066960315016517336e-01	1.463604389955472096e-01	4.066960315016517336e-01
1.899879999999999924e+01	1.540897493777894089e-01	3.948387805882120904e-01	1.550096424105055215e-01	3.948387805882120904e-01
1.930610000000000070e+01	1.616587206474447702e-01	3.831820728730548908e-01	1.625497404382379718e-01	3.831820728730548908e-01
1.961840000000000117e+01	1.685202494322508571e-01	3.719700549857479777e-01	1.693833053164781610e-01	3.719700549857479777e-01
1.993570000000000064e+01	1.750747532330841072e-01	3.609263933566753679e-01	1.759107328098257206e-01	3.609263933566753679e-01
2.025819999999999865e+01	1.818423748812447727e-01	3.498964075770326643e-01	1.826521278555666150e-01	3.498964075770326643e-01
2.058579999999999899e+01	1.880718768014794928e-01	3.370595855179928102e-01	1.888562404845877951e-01	3.370595855179928102e-01
2.091880000000000095e+01	1.925362252451356393e-01	3.236811793289557371e-01	1.932959939895325385e-01	3.236811793289557371e-01
2.125710000000000122e+01	1.955791895093762223e-01	3.109000992677992681e-01	1.963151461535679876e-01	3.109000992677992681e-01
2.160089999999999932e+01	1.978045965942085704e-01	2.986804810470662930e-01	1.985174912119507529e-01	2.986804810470662930e-01
2.195029999999999859e+01	1.995067846693362734e-01	2.869834755253912739e-01	2.001973431412746585e-01	2.869834755253912739e-01
2.230529999999999902e+01	2.008426501783415197e-01	2.756391902685786932e-01	2.015115810840326371e-01	2.756391902685786932e-01
2.266610000000000014e+01	2.019876224565638201e-01	2.646428725543075733e-01	2.026356055098312015e-01	2.646428725543075733e-01
2.303269999999999840e+01	2.031090588082287984e-01	2.536140432614361062e-01	2.037367576409218617e-01	2.536140432614361062e-01
2.340530000000000044e+01	2.034768050359103131e-01	2.417752329856565074e-01	2.040848566744925541e-01	2.417752329856565074e-01
2.378379999999999939e+01	2.028018000296191170e-01	2.305386171955748909e-01	2.033908313943433854e-01	2.305386171955748909e-01
2.416850000000000165e+01	2.015500371653190792e-01	2.197559258352086986e-01	2.021206452271794018e-01	2.197559258352086986e-01
2.455940000000000012e+01	1.998480211489313263e-01	2.095072230046145234e-01	2.004007888472016941e-01	2.095072230046145234e-01
2.495660000000000167e+01	1.978382884798103869e-01	1.997568783351565957e-01	1.983737802650879234e-01	1.997568783351565957e-01
2.536029999999999873e+01	1.956668228821165090e-01	1.904859880838023767e-01	1.961855813244593183e-01	1.904859880838023767e-01
2.577049999999999841e+01	1.933245591343077108e-01	1.814488957630857324e-01	1.938271140173066509e-01	1.814488957630857324e-01
2.618730000000000047e+01	1.908293622678130519e-01	1.727990039170834990e-01	1.913162267256066917e-01	1.727990039170834990e-01
2.661090000000000089e+01	1.881147353800854405e-01	1.642359344520954167e-01	1.885864029589561786e-01	1.642359344520954167e-01
2.704129999999999967e+01	1.850884489930758048e-01	1.560503112929163272e-01	1.855454015221001396e-01	1.560503112929163272e-01
2.747860000000000014e+01	1.818751254927377659e-01	1.482481689855318086e-01	1.823178297421794158e-01	1.482481689855318086e-01
2.792310000000000159e+01	1.785196541978808782e-01	1.407794285640460163e-01	1.789485563082604258e-01	1.407794285640460163e-01
2.837470000000000070e+01	1.750190262093563320e-01	1.336303047053441495e-01	1.754345648561607129e-01	1.336303047053441495e-01
2.883370000000000033e+01	1.713987988827127273e-01	1.268507683908594585e-01	1.718013935487838206e-01	1.268507683908594585e-01
2.930000000000000071e+01	1.677700842344183041e-01	1.204511792183740881e-01	1.681601471734771314e-01	1.204511792183740881e-01
2.977390000000000114e+01	1.641150027797494138e-01	1.142201227182032958e-01	1.644929283734657688e-01	1.142201227182032958e-01
3.025550000000000139e+01	1.602748088420604122e-01	1.081957647279111201e-01	1.606409797088013680e-01	1.081957647279111201e-01
3.074490000000000123e+01	1.563354345643274690e-01	1.026525840734003603e-01	1.566902218805797942e-01	1.026525840734003603e-01
3.124210000000000065e+01	1.524386811723911217e-01	9.742378053304784347e-02	1.527824471491902592e-01	9.742378053304784347e-02
3.174749999999999872e+01	1.485620145509927437e-01	9.246546538872525700e-02	1.488951040819614102e-01	9.246546538872525700e-02
3.226089999999999947e+01	1.447061550568054800e-01	8.778109726113006439e-02	1.450289089968866130e-01	8.778109726113006439e-02
3.278269999999999840e+01	1.408817183725883659e-01	8.335732936819598149e-02	1.411944614244646790e-01	8.335732936819598149e-02
3.331300000000000239e+01	1.371031860064565733e-01	7.918540471629451072e-02	1.374062334384477946e-01	7.918540471629451072e-02
3.385179999999999723e+01	1.333868090608354706e-01	7.524852364450095032e-02	1.336804686309769341e-01	7.524852364450095032e-02
3.439929999999999666e+01	1.297331925612235926e-01	7.151731440589138844e-02	1.300177611759593399e-01	7.151731440589138844e-02
3.495570000000000022e+01	1.261232483502492396e-01	6.798035827088502736e-02	1.263990126090610566e-01	6.798035827088502736e-02
3.552109999999999701e+01	1.225820673009303113e-01	6.468448317120412128e-02	1.228493054725520311e-01	6.468448317120412128e-02
3.609559999999999746e+01	1.191452524529814649e-01	6.157451215394068450e-02	1.194042346655175002e-01	6.157451215394068450e-02
3.667940000000000111e+01	1.157949580798891126e-01	5.861383351820957655e-02	1.160459451727845065e-01	5.861383351820957655e-02
3.720000000000000284e+01	1.128682614720599997e-01	5.613640191379068445e-02	1.131124343485125083e-01	5.613640191379068445e-02
3.727270000000000039e+01	1.124531779763345285e-01	5.584129545724215993e-02	1.126964219389234301e-01	5.584129545724215993e-02
3.739999999999999858e+01	1.117981539254835899e-01	5.533636780200900523e-02	1.120397843678924282e-01	5.533636780200900523e-02
3.787550000000000239e+01	1.093961084053468313e-01	5.323567181564605594e-02	1.096318552125572082e-01	5.323567181564605594e-02
3.848819999999999908e+01	1.063553529815494808e-01	5.069184636284794487e-02	1.065838378880242521e-01	5.069184636284794487e-02
3.911070000000000135e+01	1.034157185803755152e-01	4.826707196181349857e-02	1.036371724536276212e-01	4.826707196181349857e-02
3.974320000000000164e+01	1.005538450203957990e-01	4.587866261082545333e-02	1.007684908940892493e-01	4.587866261082545333e-02
4.038609999999999900e+01	9.770448922187129071e-02	4.354913382285022228e-02	9.791254064311150085e-02	4.354913382285022228e-02
4.103929999999999723e+01	9.486715022550362697e-02	4.134271508617275853e-02	9.506881672897307678e-02	4.134271508617275853e-02
4.170309999999999917e+01	9.206821469981156525e-02	3.925903577501516778e-02	9.226369791032230927e-02	3.925903577501516778e-02
4.237760000000000105e+01	8.932195728917491362e-02	3.729379731786058860e-02	8.951145312444298840e-02	3.729379731786058860e-02
4.306300000000000239e+01	8.662945858160109314e-02	3.542965597141284340e-02	8.681315653104425267e-02	3.542965597141284340e-02
4.375950000000000273e+01	8.398616952699308746e-02	3.366865465713292371e-02	8.416425291406663678e-02	3.366865465713292371e-02
4.446730000000000160e+01	8.139025659248470823e-02	3.200770304387699078e-02	8.156290282102372780e-02	3.200770304387699078e-02
4.518650000000000233e+01	7.881863458454951843e-02	3.044505032024221597e-02	7.898601608472731461e-02	3.044505032024221597e-02
4.591740000000000066e+01	7.633327101007354731e-02	2.908218151838109708e-02	7.649555395986397388e-02	2.908218151838109708e-02
4.665999999999999659e+01	7.397795793436873213e-02	2.777770911649435348e-02	7.413530454912403700e-02	2.777770911649435348e-02
4.741470000000000340e+01	7.170722889979358472e-02	2.653152939610061573e-02	7.185979490798921621e-02	2.653152939610061573e-02
4.818160000000000309e+01	6.950980085399931230e-02	2.534380043844595282e-02	6.965773769790845060e-02	2.534380043844595282e-02
4.896090000000000231e+01	6.738321876521334575e-02	2.421616630000559753e-02	6.752667310102000719e-02	2.421616630000559753e-02
4.975280000000000058e+01	6.532287005866231622e-02	2.313837838402315120e-02	6.546198392790711362e-02	2.313837838402315120e-02
5.055760000000000076e+01	6.332403804276816317e-02	2.211429820294677495e-02	6.345894852509685602e-02	2.211429820294677495e-02
5.137530000000000285e+01	6.138832827910561257e-02	2.113860681229790331e-02	6.151916920017917734e-02	2.113860681229790331e-02
5.220620000000000260e+01	5.950225859356294417e-02	2.019618354545412928e-02	5.962915909323200647e-02	2.019618354545412928e-02
5.305060000000000286e+01	5.763450548257111061e-02	1.929795118542560264e-02	5.775759024864252772e-02	1.929795118542560264e-02
5.390870000000000317e+01	5.583581385903863686e-02	1.853388154540007091e-02	5.595520376414103714e-02	1.853388154540007091e-02
5.478059999999999974e+01	5.413695474307546329e-02	1.778737614051264376e-02	5.425276736658436738e-02	1.778737614051264376e-02
5.566669999999999874e+01	5.250512517979732258e-02	1.707726280740392427e-02	5.261747370392245299e-02	1.707726280740392427e-02
5.656700000000000017e+01	5.094119287587595135e-02	1.639432232418086208e-02	5.105018780104447068e-02	1.639432232418086208e-02
5.748199999999999932e+01	4.943415932590664030e-02	1.572927802152518720e-02	4.953990670327047124e-02	1.572927802152518720e-02
5.841170000000000329e+01	4.798121320470510182e-02	1.509275237900890507e-02	4.808381659073029946e-02	1.509275237900890507e-02
5.935640000000000072e+01	4.658251301221882218e-02	1.447415120666177037e-02	4.668207249046465307e-02	1.447415120666177037e-02
6.031649999999999778e+01	4.523694801283670297e-02	1.387562952672578669e-02	4.533356004952647511e-02	1.387562952672578669e-02
6.129209999999999781e+01	4.394588272825966646e-02	1.328362264093154409e-02	4.403964123029985300e-02	1.328362264093154409e-02
6.228340000000000032e+01	4.268066750367686957e-02	1.267322804715631003e-02	4.277166357016587428e-02	1.267322804715631003e-02
6.329079999999999728e+01	4.142804735534433291e-02	1.209177403001191614e-02	4.151636883853985355e-02	1.209177403001191614e-02
6.431449999999999534e+01	4.020293513660248841e-02	1.153681200223511706e-02	4.028866731072493906e-02	1.153681200223511706e-02
6.535469999999999402e+01	3.900705584439573270e-02	1.100585648196189363e-02	3.909028147362049455e-02	1.100585648196189363e-02
6.641179999999999950e+01	3.784097983901309192e-02	1.050002796982733681e-02	3.792177879591552420e-02	1.050002796982733681e-02
6.748590000000000089e+01	3.670678568922788876e-02	1.001816465510174670e-02	3.678523574507389787e-02	1.001816465510174670e-02
6.857750000000000057e+01	3.560433883189541987e-02	9.557083869940341189e-03	3.568051486074470813e-02	9.557083869940341189e-03
6.968670000000000186e+01	3.453217740941636610e-02	9.115248544651481308e-03	3.460615233830093701e-02	9.115248544651481308e-03
7.081380000000000052e+01	3.348970412550918846e-02	8.693052989291807919e-03	3.356154857933732472e-02	8.693052989291807919e-03
7.195910000000000650e+01	3.247639353389559363e-02	8.288193260869968979e-03	3.254617592330277115e-02	8.288193260869968979e-03
7.312300000000000466e+01	3.148999527274408405e-02	7.899535949731644954e-03	3.155778170988138287e-02	7.899535949731644954e-03
7.430570000000000164e+01	3.052909228360659380e-02	7.528193290521630922e-03	3.059494701156650551e-02	7.528193290521630922e-03
7.550759999999999650e+01	2.959357291649005947e-02	7.174862576920459055e-03	2.965755804792269065e-02	7.174862576920459055e-03
7.672889999999999588e+01	2.868465679283374592e-02	6.839835593489258445e-03	2.874683269923535012e-02	6.839835593489258445e-03
7.796989999999999554e+01	2.780301863409162522e-02	6.520696235052849017e-03	2.786344384628977947e-02	6.520696235052849017e-03
7.923099999999999454e+01	2.694739983359192848e-02	6.215326877522998894e-03	2.700613097545066094e-02	6.215326877522998894e-03
8.051250000000000284e+01	2.611668643652470881e-02	5.923484623570782377e-03	2.617377843670215878e-02	5.923484623570782377e-03
8.181470000000000198e+01	2.530974044537501536e-02	5.643774865416279277e-03	2.536524659477802646e-02	5.643774865416279277e-03
8.313800000000000523e+01	2.452511662295745257e-02	5.376388389710749956e-03	2.457908851677830658e-02	5.376388389710749956e-03
8.448269999999999413e+01	2.376249256302251020e-02	5.121758812014863896e-03	2.381498028319336061e-02	5.121758812014863896e-03
8.584910000000000707e+01	2.302184858488241087e-02	4.879314725202994925e-03	2.307290074963044835e-02	4.879314725202994925e-03
8.723770000000000380e+01	2.230287689373563684e-02	4.648458600660044550e-03	2.235254051030676273e-02	4.648458600660044550e-03
8.864870000000000516e+01	2.160519011955788077e-02	4.428270751529441752e-03	2.165351094677634911e-02	4.428270751529441752e-03
9.008249999999999602e+01	2.092810454011006030e-02	4.218195272835803533e-03	2.097512693594509939e-02	4.218195272835803533e-03
9.153950000000000387e+01	2.027103060980611424e-02	4.017649975733687297e-03	2.031679759092571216e-02	4.017649975733687297e-03
9.302009999999999934e+01	1.963298639584319660e-02	3.825844276804524734e-03	1.967753969406214193e-02	3.825844276804524734e-03
9.452460000000000662e+01	1.901338102005711850e-02	3.643272541679361438e-03	1.905676121203110293e-02	3.643272541679361438e-03
9.605349999999999966e+01	1.841208763052307879e-02	3.469476468173445741e-03	1.845433402931183006e-02	3.469476468173445741e-03
9.760710000000000264e+01	1.782897084345997155e-02	3.304030420557580415e-03	1.787012170008190140e-02	3.304030420557580415e-03
9.918580000000000041e+01	1.726411141631291335e-02	3.146220941051815819e-03	1.730420388749894997e-02	3.146220941051815819e-03
1.007900000000000063e+02	1.671616195978445352e-02	2.993692169046366369e-03	1.675523215373933908e-02	2.993692169046366369e-03
1.024200000000000017e+02	1.618306420350238903e-02	2.847175481293523231e-03	1.622114728295946315e-02	2.847175481293523231e-03
1.040769999999999982e+02	1.566435407169295899e-02	2.707992381074853308e-03	1.570148377992593852e-02	2.707992381074853308e-03
1.057600000000000051e+02	1.516067006606796642e-02	2.575669587198624842e-03	1.519688003066854351e-02	2.575669587198624842e-03
1.074710000000000036e+02	1.467120813534907205e-02	2.449934067704608379e-03	1.470653023521187319e-02	2.449934067704608379e-03
1.092090000000000032e+02	1.419620935445885593e-02	2.330729873229860517e-03	1.423067536822939481e-02	2.330729873229860517e-03
1.109749999999999943e+02	1.373533635576305867e-02	2.217615113645180543e-03	1.376897694552765838e-02	2.217615113645180543e-03
1.127699999999999960e+02	1.328818072398379492e-02	2.110132858660817602e-03	1.332102553264695802e-02	2.110132858660817602e-03
1.145939999999999941e+02	1.285445217081723594e-02	2.007799543116757079e-03	1.288653032168429573e-02	2.007799543116757079e-03
1.164479999999999933e+02	1.243344889290987597e-02	1.910211940685591905e-03	1.246478860020875344e-02	1.910211940685591905e-03
1.183310000000000031e+02	1.202498442484212227e-02	1.817356303913925499e-03	1.205561381225419594e-02	1.817356303913925499e-03
1.202450000000000045e+02	1.162836836878131282e-02	1.729010331233592863e-03	1.165831434902307555e-02	1.729010331233592863e-03
1.221899999999999977e+02	1.124337126188677122e-02	1.644976919419516466e-03	1.127266035403488333e-02	1.644976919419516466e-03
1.241659999999999968e+02	1.086972512858390590e-02	1.565058833610598549e-03	1.089838346121901197e-02	1.565058833610598549e-03
1.261749999999999972e+02	1.050680301558954040e-02	1.488998102271485392e-03	1.053485574826426401e-02	1.488998102271485392e-03
1.282150000000000034e+02	1.015473408209473065e-02	1.416685007427904855e-03	1.018220665445248620e-02	1.416685007427904855e-03
1.302889999999999873e+02	9.812868151967446204e-03	1.347796702217475421e-03	9.839784861902406074e-03	1.347796702217475421e-03
1.323969999999999914e+02	9.481102912902265867e-03	1.281749523279263883e-03	9.507487854496116456e-03	1.281749523279263883e-03
1.345380000000000109e+02	9.158123903746090769e-03	1.217136491045725522e-03	9.184001209119519241e-03	1.217136491045725522e-03
1.367139999999999986e+02	8.842648967575174324e-03	1.155829770077232812e-03	8.868042120349648241e-03	1.155829770077232812e-03
1.389250000000000114e+02	8.534904237276041972e-03	1.097627720878396797e-03	8.559836611343208182e-03	1.097627720878396797e-03
1.411719999999999970e+02	8.234398787736931652e-03	1.042365924202893210e-03	8.258893483218808507e-03	1.042365924202893210e-03
1.434559999999999889e+02	7.940485612283604624e-03	9.898913691060602909e-04	7.964565537204974788e-03	9.898913691060602909e-04
1.457760000000000105e+02	7.652547297419169149e-03	9.400808983871822852e-04	7.676235576631339035e-03	9.400808983871822852e-04
1.481339999999999861e+02	7.369298623921277311e-03	8.928245960250702972e-04	7.392618137235119208e-03	8.928245960250702972e-04
1.505300000000000011e+02	7.089220388930389874e-03	8.480241373296521640e-04	7.112194190966116686e-03	8.480241373296521640e-04
1.529639999999999986e+02	6.809766096206072705e-03	8.055664168361886856e-04	6.832417468645456994e-03	8.055664168361886856e-04
1.554389999999999930e+02	6.525662984265719058e-03	7.652324278283930683e-04	6.548015152100123207e-03	7.652324278283930683e-04
1.579530000000000030e+02	6.225391719389016497e-03	7.269398355522997809e-04	6.247468578352836921e-03	7.269398355522997809e-04
1.605070000000000050e+02	5.865295767281827888e-03	6.904937370470788909e-04	5.887121598404264008e-03	6.904937370470788909e-04
1.624000000000000057e+02	5.120553755958423374e-03	6.649468850666403379e-04	5.142211733775945218e-03	6.649468850666403379e-04
1.625999999999999943e+02	5.107276336651165281e-03	1.234164033026247586e-03	5.128917473329814777e-03	1.234164033026247586e-03
1.631030000000000086e+02	5.453740544260763518e-03	1.223890688791394411e-03	5.475340074665611782e-03	1.223890688791394411e-03
1.657419999999999902e+02	5.566867226654603588e-03	1.171935380204135570e-03	5.588265902751251603e-03	1.171935380204135570e-03
1.684219999999999970e+02	5.482583513386022137e-03	1.122315524830360843e-03	5.503807857681538955e-03	1.122315524830360843e-03
1.711459999999999866e+02	5.360348844921316962e-03	1.074887838804598110e-03	5.381426283351679711e-03	1.074887838804598110e-03
1.739149999999999920e+02	5.223518396955073757e-03	1.029548326193961087e-03	5.244477654369288783e-03	1.029548326193961087e-03
1.767270000000000039e+02	5.080496279537985091e-03	9.862385887565419586e-04	5.101367724951243014e-03	9.862385887565419586e-04
1.795860000000000127e+02	4.935088953706171129e-03	9.448216161522160397e-04	4.955904690656883806e-03	9.448216161522160397e-04
1.824910000000000139e+02	4.789661154252364966e-03	9.050292042227749871e-04	4.810455537751993915e-03	9.050292042227749871e-04
1.854420000000000073e+02	4.645526168517166883e-03	8.662555656793727212e-04	4.666336153108727181e-03	8.662555656793727212e-04
1.884420000000000073e+02	4.502248944096431602e-03	8.273448525069910381e-04	4.523114624674197740e-03	8.273448525069910381e-04
1.914890000000000043e+02	4.359911485789764486e-03	7.900353582805499974e-04	4.380876635378314760e-03	7.900353582805499974e-04
1.945869999999999891e+02	4.218994736481754271e-03	7.539630583876655431e-04	4.240107721554946772e-03	7.539630583876655431e-04
1.977340000000000089e+02	4.079788611406549512e-03	7.194871504677290879e-04	4.101103082857158674e-03	7.194871504677290879e-04
2.009319999999999879e+02	3.942459520925904563e-03	6.865426662312808107e-04	3.964035728836842742e-03	6.865426662312808107e-04
2.041819999999999879e+02	3.807083931677134048e-03	6.551751126490795458e-04	3.828990132988669987e-03	6.551751126490795458e-04
2.074850000000000136e+02	3.673645335226168561e-03	6.253017464107593539e-04	3.695959628414350467e-03	6.253017464107593539e-04
2.108400000000000034e+02	3.541717544540699640e-03	5.968626726646061777e-04	3.564529898215494912e-03	5.968626726646061777e-04
2.142510000000000048e+02	3.411835634671668734e-03	5.715050186526607259e-04	3.435251661012790787e-03	5.715050186526607259e-04
2.177160000000000082e+02	3.284813531582069738e-03	5.476883625309647259e-04	3.308957506533705996e-03	5.476883625309647259e-04
2.212369999999999948e+02	3.160224334501502124e-03	5.253423180108449109e-04	3.185245178924041125e-03	5.253423180108449109e-04
2.248160000000000025e+02	3.037852779155393156e-03	5.041690225254989938e-04	3.063931463630189568e-03	5.041690225254989938e-04
2.284519999999999982e+02	2.917385259434207827e-03	4.839377425399487296e-04	2.944743929403186890e-03	4.839377425399487296e-04
2.321469999999999914e+02	2.798339680761382543e-03	4.645969777429752420e-04	2.827256688764293209e-03	4.645969777429752420e-04
2.359019999999999868e+02	2.680260103100939959e-03	4.461014687641118542e-04	2.711090265269236032e-03	4.461014687641118542e-04
2.397170000000000130e+02	2.562639049776859520e-03	4.284224384545940552e-04	2.595843505523508059e-03	4.284224384545940552e-04
2.435949999999999989e+02	2.444822262734412492e-03	4.115401542828453496e-04	2.481017308814695461e-03	4.115401542828453496e-04
2.475349999999999966e+02	2.326037131851305464e-03	3.951697338596350177e-04	2.366066212824737870e-03	3.951697338596350177e-04
2.515380000000000109e+02	2.204498831573719654e-03	3.787545740990751089e-04	2.249558109960258373e-03	3.787545740990751089e-04
2.556069999999999993e+02	2.078010185873013088e-03	3.631142067580318583e-04	2.129871629799738163e-03	3.631142067580318583e-04
2.597409999999999854e+02	1.944008155833770908e-03	3.482189060313644821e-04	2.005428494940522232e-03	3.482189060313644821e-04
2.639420000000000073e+02	1.797724580101226930e-03	3.340226751493755963e-04	1.873306089812943036e-03	3.340226751493755963e-04
2.682110000000000127e+02	1.630380239539123846e-03	3.204890457050689348e-04	1.728563186295199988e-03	3.204890457050689348e-04
2.725489999999999782e+02	1.423403775558153457e-03	3.075805057253620388e-04	1.562007105488447426e-03	3.075805057253620388e-04
2.769569999999999936e+02	1.124978548039193022e-03	2.942579030618867972e-04	1.351800048171533609e-03	2.942579030618867972e-04
2.800000000000000000e+02	7.753709769115042175e-04	2.847233571443357706e-04	1.148570630919330468e-03	2.847233571443357706e-04
2.801000000000000227e+02	7.585623452613553730e-04	2.804234737945131392e-04	1.140985247957061093e-03	2.885321102912352187e-04
2.801999999999999886e+02	7.382923035102755991e-04	2.800570497177212650e-04	1.135149924496776236e-03	2.874759010714195541e-04
2.803100000000000023e+02	7.202203593514378607e-04	2.850748556150072455e-04	1.125449836666678151e-03	2.849880860683747202e-04
2.803899999999999864e+02	7.073533428867080424e-04	2.812839572344758314e-04	1.117193151212164367e-03	2.855182761130597839e-04
2.805000000000000000e+02	6.872010365311775199e-04	2.820892090402412960e-04	1.106112127893019766e-03	2.866363078677716387e-04
2.806000000000000227e+02	6.665230572028144540e-04	2.773457968824043782e-04	1.097264555204196124e-03	2.906535013822322106e-04
2.806999999999999886e+02	6.438421498788762841e-04	2.804501470074246931e-04	1.093150129532589063e-03	2.946723235858114123e-04
2.808000000000000114e+02	6.242326451561197804e-04	2.826772137758947769e-04	1.086444925493078653e-03	2.886239508088863813e-04
2.808999999999999773e+02	6.061891171609347416e-04	2.831120784313303010e-04	1.075496409609992196e-03	2.899116627114756584e-04
2.809900000000000091e+02	5.838596032472761826e-04	2.755769862799279865e-04	1.069886191543278561e-03	2.931859656065393944e-04
2.811000000000000227e+02	5.537764926856932057e-04	2.824087449180648921e-04	1.061402893917135978e-03	2.877288564922727827e-04
2.811999999999999886e+02	5.315956740514706132e-04	2.865149805357303844e-04	1.050903561727261661e-03	2.884287440561515139e-04
2.813000000000000114e+02	5.105321917404222155e-04	2.888274040097985615e-04	1.040614870252576417e-03	2.867879891116839868e-04
2.813999999999999773e+02	4.866039473822141850e-04	2.862209997176537739e-04	1.029267263057105121e-03	2.877567409525582753e-04
2.814900000000000091e+02	4.627709521369221374e-04	2.873699845770040658e-04	1.020136948917374628e-03	2.894745010621869812e-04
2.816000000000000227e+02	4.322353564053709797e-04	2.862984583225249404e-04	1.009482793047751948e-03	2.905496284458133731e-04
2.816899999999999977e+02	4.047897148861199362e-04	2.874394415744988733e-04	1.001629043872516705e-03	2.923482968907691851e-04
2.818000000000000114e+02	3.723162333355199910e-04	2.915465221642493969e-04	9.923961121045298591e-04	2.911518970693178273e-04
2.819100000000000250e+02	3.413674197860836878e-04	2.926253929797871913e-04	9.764017259082271964e-04	2.864504280582858085e-04
2.820000000000000000e+02	3.106254383968315067e-04	2.865893736946166634e-04	9.673320493323687031e-04	2.977975489504188487e-04
2.821000000000000227e+02	2.717452061468553855e-04	2.890341932920607675e-04	9.599216860053570938e-04	2.917026441962202051e-04
2.821999999999999886e+02	2.332744973251735590e-04	2.902981179292890329e-04	9.474323423201323150e-04	2.944794597036145818e-04
2.823000000000000114e+02	1.903000668851948017e-04	2.903878640081314485e-04	9.378996564207333752e-04	2.957507351890463119e-04
2.823999999999999773e+02	1.472271679562367735e-04	2.976042323997015121e-04	9.265261790854740966e-04	2.941192663060523179e-04
2.825000000000000000e+02	1.017674941629402666e-04	2.960835904301721924e-04	9.159794915664953331e-04	2.973576835847652287e-04
2.826000000000000227e+02	4.997960361557262911e-05	2.997126570254266247e-04	9.042906668264814873e-04	2.934473041187414316e-04
2.826999999999999886e+02	-5.917226129906318571e-06	3.025499524710228896e-04	8.914946358457418894e-04	2.965561427002721289e-04
2.828000000000000114e+02	-6.256389573480106018e-05	3.108382624570777937e-04	8.771412349195098533e-04	2.935542001008494255e-04
2.828999999999999773e+02	-1.295720778978494924e-04	3.039780827983088948e-04	8.655661814537799663e-04	3.022878802297546868e-04
2.830099999999999909e+02	-2.184445033366227723e-04	3.130949108499322974e-04	8.539249058447541786e-04	2.965755936830422198e-04
2.831000000000000227e+02	-2.967667144452722141e-04	3.207653506311950679e-04	8.399148605626032557e-04	2.979889728909066783e-04
2.831899999999999977e+02	-3.849719447394776319e-04	3.295354558527166262e-04	8.253074642589652062e-04	2.983469223421394111e-04
2.833000000000000114e+02	-5.201351617303461494e-04	3.372254302513807717e-04	8.124489198717318571e-04	3.078871782749507523e-04
2.833999999999999773e+02	-6.779164333709687554e-04	3.656281602136032924e-04	8.037212839025874994e-04	3.053719920915599732e-04
2.835000000000000000e+02	-8.763532716242217755e-04	4.199130544906947825e-04	7.901505042696664854e-04	3.039080849108344719e-04
2.836100000000000136e+02	-1.163838185295289901e-03	5.517074977696871446e-04	7.812145471746926185e-04	3.080412644310340361e-04
2.836899999999999977e+02	-1.371620732128797518e-03	8.177021825959964949e-04	7.726101212054174109e-04	2.939088969081472586e-04
2.838000000000000114e+02	-1.476076792774631960e-03	1.282134778278973698e-03	7.479322063474964704e-04	2.857399017517455635e-04
2.838999999999999773e+02	-1.335972446985799009e-03	1.747178619733464472e-03	7.250753663738486237e-04	2.828884940031555677e-04
2.840000000000000000e+02	-1.056338322332452595e-03	1.945917422809571341e-03	6.937240617224630247e-04	2.744993275773191001e-04
2.841100000000000136e+02	-8.979572829582147019e-04	1.934334490867752705e-03	6.631349543515935308e-04	2.944495848989343119e-04
2.842099999999999795e+02	-9.599573665031709089e-04	2.002143975433778519e-03	6.496714375866400942e-04	3.026169504889459770e-04
2.842900000000000205e+02	-9.837390365832331552e-04	2.329153576992579189e-03	6.381597643294908799e-04	3.007344088732894307e-04
2.843999999999999773e+02	-6.318697353270591888e-04	2.836870586479450090e-03	6.133223456112482999e-04	2.953947960787005572e-04
2.844900000000000091e+02	-7.214184943549398882e-05	2.979160892129530201e-03	5.860785366185203120e-04	2.940105295422660333e-04
2.846000000000000227e+02	5.001843868755533832e-04	2.639454421600389861e-03	5.532306462100952411e-04	3.030886560197287968e-04
2.847099999999999795e+02	6.859491635876835891e-04	2.073374795240955342e-03	5.264349447302767507e-04	3.133143064637180391e-04
2.848000000000000114e+02	5.641013439481189131e-04	1.725846316480724070e-03	5.019045035781752101e-04	3.144725261253735133e-04
2.848999999999999773e+02	3.131705887751480327e-04	1.518556577170610683e-03	4.797272998939322206e-04	3.300348018059826570e-04
2.850000000000000000e+02	2.290659052979753747e-05	1.473232436624023279e-03	4.555254579416196563e-04	3.202732420798288268e-04
2.851000000000000227e+02	-2.314856410819716580e-04	1.596235132381782287e-03	4.208982667843704276e-04	3.237279953658958251e-04
2.851999999999999886e+02	-3.716915564118077986e-04	1.829565376331921799e-03	3.856632567613901006e-04	3.234552654276485551e-04
2.853100000000000023e+02	-3.936018710009845951e-04	2.084659010828884655e-03	3.405842274523571372e-04	3.225577641206756507e-04
2.853899999999999864e+02	-3.247972379333730780e-04	2.266971505616347839e-03	2.965555753357851940e-04	3.166543113066506315e-04
2.855000000000000000e+02	-1.998046043227472938e-04	2.382613072216594255e-03	2.301038814971756842e-04	3.324820547169711265e-04
2.855899999999999750e+02	-1.126931816332478573e-04	2.459417928462440377e-03	1.716921212671048465e-04	3.392384809207312510e-04
2.856999999999999886e+02	-1.001710762282278419e-05	2.539094580772151277e-03	8.072726801073711283e-05	3.569580637797260684e-04
2.858100000000000023e+02	1.183160798684756401e-04	2.627546045988583302e-03	-3.661398883955644420e-05	3.945537090809511432e-04
2.858999999999999773e+02	2.715358558791882630e-04	2.666435344696236817e-03	-1.698290690267638273e-04	4.596923251646372298e-04
2.859900000000000091e+02	4.022486125858655125e-04	2.591020434910526731e-03	-2.653370423036684189e-04	6.533843072861076013e-04
2.860899999999999750e+02	4.807431477044963133e-04	2.507988144181364388e-03	-2.435994497524458942e-04	8.764433075100336833e-04
2.861999999999999886e+02	4.758497138702002887e-04	2.364049837294665904e-03	-1.178667099074274253e-04	1.035279858457946716e-03
2.863000000000000114e+02	3.721104970605689064e-04	2.307816632936025934e-03	-8.697959475428446253e-06	1.040230585302801512e-03
2.864100000000000250e+02	2.384330923781691593e-04	2.371504516627057080e-03	1.927843175867395971e-05	1.018158022436013244e-03
2.865000000000000000e+02	1.672006468990855127e-04	2.516382833523042855e-03	4.346195856539111268e-06	1.042348160458816822e-03
2.866000000000000227e+02	1.872328147292634775e-04	2.720003217358149192e-03	-2.287026658772476484e-05	1.083767974033327322e-03
2.866999999999999886e+02	3.117719371324381857e-04	2.895337823717411552e-03	-2.865289432096644709e-05	1.189685209270789287e-03
2.868000000000000114e+02	4.808069220831160426e-04	2.964582347601329125e-03	7.699605182653495550e-06	1.278071646934734280e-03
2.869100000000000250e+02	6.177774566345698012e-04	2.953342314790374616e-03	8.225272415541793356e-05	1.372040367933702971e-03
2.870099999999999909e+02	7.015488164490219685e-04	2.958095965427955457e-03	1.633280325477367147e-04	1.402430874100176438e-03
2.871000000000000227e+02	7.338007624087028490e-04	2.934337148184504567e-03	2.278126704491419303e-04	1.420905984155879055e-03
2.871999999999999886e+02	7.418492591533141969e-04	3.006262429858042821e-03	2.831398461042806741e-04	1.413443885192652589e-03
2.872900000000000205e+02	8.005774991082005316e-04	3.132963949324266226e-03	3.196441380612717836e-04	1.417913094429689141e-03
2.874100000000000250e+02	1.000873933692764594e-03	3.300179295995288916e-03	3.607328665331096455e-04	1.413827237256954630e-03
2.875099999999999909e+02	1.249564262039517789e-03	3.354160807629009804e-03	3.954193514073067262e-04	1.422256719043350466e-03
2.876000000000000227e+02	1.497143345296163231e-03	3.321073369881654726e-03	4.204461846437336720e-04	1.406443308618481958e-03
2.876899999999999977e+02	1.704627260864414280e-03	3.180413980514647330e-03	4.410747604824460716e-04	1.412711374867999577e-03
2.878000000000000114e+02	1.870685824427037024e-03	2.984672536909617740e-03	4.666278121460476816e-04	1.396304651465398025e-03
2.878899999999999864e+02	1.924922413514168137e-03	2.781936862832793973e-03	4.747281409957850333e-04	1.385138920428234015e-03
2.880000000000000000e+02	1.929364351915843941e-03	2.633540029797670160e-03	4.726730300630359967e-04	1.376310377136779001e-03
2.881100000000000136e+02	1.912555658676931818e-03	2.490536553985181738e-03	4.753946536307629271e-04	1.392361466040074316e-03
2.881999999999999886e+02	1.873785811646042901e-03	2.416476997459466453e-03	4.827041196920094286e-04	1.390899508944249069e-03
2.883000000000000114e+02	1.853531408404738038e-03	2.380373465363181881e-03	4.795190210553195711e-04	1.392350827280416361e-03
2.883999999999999773e+02	1.839792771673316859e-03	2.317757354919347968e-03	4.815103777517067488e-04	1.412083035627253709e-03
2.885000000000000000e+02	1.820462674491293885e-03	2.290746053046089845e-03	4.898713559644856568e-04	1.416749029249572082e-03
2.886000000000000227e+02	1.818397943350050228e-03	2.266680122822104133e-03	4.850432074850945870e-04	1.416365409771029983e-03
2.887099999999999795e+02	1.807906545147936741e-03	2.224495061816629884e-03	4.732596008344537673e-04	1.437204194815000372e-03
2.888000000000000114e+02	1.795850239082104902e-03	2.223012588061579371e-03	4.738038891022275682e-04	1.465084549518495989e-03
2.888999999999999773e+02	1.813390022348069803e-03	2.231439905550917230e-03	4.748209907499853998e-04	1.481676995605597878e-03
2.889900000000000091e+02	1.837376394946038920e-03	2.210149984583764139e-03	4.818484574491998834e-04	1.519097418078670710e-03
2.891000000000000227e+02	1.875374161909878698e-03	2.203576711280218377e-03	5.029818024353822480e-04	1.540334997780379560e-03
2.892099999999999795e+02	1.935167174409008943e-03	2.161367778450715756e-03	5.114450445327927298e-04	1.554248598426941725e-03
2.893100000000000023e+02	1.969669484648964471e-03	2.075505696557143620e-03	5.170613440676884859e-04	1.586535488113316071e-03
2.893899999999999864e+02	1.963513808865623416e-03	2.004881899481997590e-03	5.327133549777263383e-04	1.616250595668018448e-03
2.895000000000000000e+02	1.928164694519809074e-03	1.937013873636343406e-03	5.658001728011735273e-04	1.647423892475019741e-03
2.895899999999999750e+02	1.897730927997554919e-03	1.911175713962344523e-03	5.980525716313892090e-04	1.664302022462434789e-03
2.896999999999999886e+02	1.869043324733695799e-03	1.879833467170083025e-03	6.364384989764259540e-04	1.673271549506811628e-03
2.898100000000000023e+02	1.840840171931757948e-03	1.859239472011605960e-03	6.715808929003407599e-04	1.673007426125885022e-03
2.898999999999999773e+02	1.816870147504581843e-03	1.844885693699365413e-03	6.870634493406263575e-04	1.658739622215136839e-03
2.900000000000000000e+02	1.802059547505677900e-03	1.846520845998017232e-03	6.943181108509159866e-04	1.664438539837403584e-03
2.901000000000000227e+02	1.778327430736443811e-03	1.816356608056485461e-03	7.117593339783091604e-04	1.675772166776324373e-03
2.901999999999999886e+02	1.754092441011991530e-03	1.834564971331720251e-03	7.235262851017597438e-04	1.669296251710022201e-03
2.903000000000000114e+02	1.731353056809206790e-03	1.820476790272430303e-03	7.388629301576377225e-04	1.689281516821926560e-03
2.904100000000000250e+02	1.707647806083499066e-03	1.858718059407965615e-03	7.549136211897075968e-04	1.676287743419630806e-03
2.905000000000000000e+02	1.722682745039368427e-03	1.888112723427027868e-03	7.464167359386545981e-04	1.678823328114303383e-03
2.906000000000000227e+02	1.729361384673796295e-03	1.871734639008020224e-03	7.592241789089635654e-04	1.723133764540427885e-03
2.906899999999999977e+02	1.733208286497037436e-03	1.899341680377880041e-03	7.845634086143871751e-04	1.724129786770539369e-03
2.908000000000000114e+02	1.745302739237750665e-03	1.890078859912646195e-03	8.078756267700872191e-04	1.740481713486675443e-03
2.908999999999999773e+02	1.750045494922994717e-03	1.906647227525535334e-03	8.324639669447501554e-04	1.743725304295464917e-03
2.910000000000000000e+02	1.764708248097228774e-03	1.914534472149451768e-03	8.526620409666677914e-04	1.747380742183095130e-03
2.911000000000000227e+02	1.783781395425941899e-03	1.925493316576632440e-03	8.772367830831562501e-04	1.754625158985970330e-03
2.911899999999999977e+02	1.809441334907724774e-03	1.930152913245092479e-03	8.938213864341297511e-04	1.744782849686726638e-03
2.913000000000000114e+02	1.834100115055708633e-03	1.915941950250452325e-03	9.126597678078079111e-04	1.755830551083966112e-03
2.913999999999999773e+02	1.854830550953548646e-03	1.915828592722586786e-03	9.322962150525122491e-04	1.750581930454917293e-03
2.915000000000000000e+02	1.870342818982310019e-03	1.896237066370466684e-03	9.560137073653077362e-04	1.760359001553986943e-03
2.916100000000000136e+02	1.888708115247300862e-03	1.903366716958812283e-03	9.807084816788110438e-04	1.742367157576856385e-03
2.916999999999999886e+02	1.913936619710271793e-03	1.892737264945517153e-03	9.924002619376781978e-04	1.739129532314795824e-03
2.918000000000000114e+02	1.930410969130920504e-03	1.874830875531263664e-03	1.009580580082940823e-03	1.732723518185277055e-03
2.918899999999999864e+02	1.959378585791225324e-03	1.883404207957293944e-03	1.015228177965376340e-03	1.715658335163409726e-03
2.920000000000000000e+02	1.990283472291418023e-03	1.832356155398084203e-03	1.018308314722508792e-03	1.721008634972805889e-03
2.921000000000000227e+02	1.998891170780857374e-03	1.811826865054904116e-03	1.028737759069274288e-03	1.723192529192982096e-03
2.921999999999999886e+02	1.999829317666272036e-03	1.778462403838574528e-03	1.045965642561514026e-03	1.729246375708253826e-03
2.923000000000000114e+02	2.009962955585023990e-03	1.783284355248186334e-03	1.059502807584561434e-03	1.717247384530764739e-03
2.923999999999999773e+02	2.033622132402584243e-03	1.748872118052614182e-03	1.068728855924511948e-03	1.722118940538185008e-03
2.925000000000000000e+02	2.014661972050204707e-03	1.695244514186897969e-03	1.094224513062884039e-03	1.727807384752623682e-03
2.926000000000000227e+02	2.003472523847417766e-03	1.726490923659516723e-03	1.112374232257184580e-03	1.699301646467891004e-03
2.926999999999999886e+02	2.024270543025844232e-03	1.713240230610601567e-03	1.112374563062287509e-03	1.687481058862918886e-03
2.928000000000000114e+02	2.049002624180140154e-03	1.706819086473871077e-03	1.111190927874291905e-03	1.682726302111132608e-03
2.928899999999999864e+02	2.057942040255013403e-03	1.659835805062723647e-03	1.118158458294140007e-03	1.690169049191186110e-03
2.929900000000000091e+02	2.052095470415306842e-03	1.649643858217250420e-03	1.130033844619804774e-03	1.681672992938995507e-03
2.930899999999999750e+02	2.057849203402137197e-03	1.632819425830736105e-03	1.138456479465909396e-03	1.677250826438947580e-03
2.931999999999999886e+02	2.063360519849566799e-03	1.611659238466400801e-03	1.141803513504760894e-03	1.664023459753817633e-03
2.933100000000000023e+02	2.063516500037083402e-03	1.586951901614621144e-03	1.144917451946652698e-03	1.667477795280071073e-03
2.933999999999999773e+02	2.062422793653628014e-03	1.575199682431816569e-03	1.150304385184742388e-03	1.661652030443955090e-03
2.935000000000000000e+02	2.069020646450177216e-03	1.561498807282927712e-03	1.155280955424740474e-03	1.661652477075866883e-03
2.936000000000000227e+02	2.066872035000372806e-03	1.529845250580647324e-03	1.162426202303128717e-03	1.657045867519315934e-03
2.936999999999999886e+02	2.059593165033371271e-03	1.521327655681512826e-03	1.165590269447520705e-03	1.649384082176488537e-03
2.938000000000000114e+02	2.058820377405499048e-03	1.506820984008434058e-03	1.162568476176135956e-03	1.644619721422103855e-03
2.939100000000000250e+02	2.064650881888859587e-03	1.496357619495432409e-03	1.165067380960058954e-03	1.654259190269675604e-03
2.940000000000000000e+02	2.062051477820506327e-03	1.464795960020636193e-03	1.175536160603939248e-03	1.653893147246293530e-03
2.940899999999999750e+02	2.053910589407637217e-03	1.458901771720902754e-03	1.175235448860166218e-03	1.641026736322195563e-03
2.941899999999999977e+02	2.047788458926474119e-03	1.438113921790261504e-03	1.177727797561375174e-03	1.654973408521932549e-03
2.943100000000000023e+02	2.034408214394442874e-03	1.428803230895263603e-03	1.188242379178211777e-03	1.644573334657842755e-03
2.943899999999999864e+02	2.035939133018116552e-03	1.433460894703851704e-03	1.185056737880807324e-03	1.638305165442256522e-03
2.945000000000000000e+02	2.046305973935280513e-03	1.415922094275028553e-03	1.179936285350535437e-03	1.644919440007680143e-03
2.946000000000000227e+02	2.044259847615757623e-03	1.389170427755455090e-03	1.187477383415832871e-03	1.658756454983940226e-03
2.946899999999999977e+02	2.030078210787081196e-03	1.372164560224356207e-03	1.199732275570502627e-03	1.655691740053317606e-03
2.947900000000000205e+02	2.026470244914078435e-03	1.376538188490118763e-03	1.200052930570772846e-03	1.645538092202960536e-03
2.948899999999999864e+02	2.024369380239269579e-03	1.349890413383678057e-03	1.199445996081952535e-03	1.656006453059583137e-03
2.950000000000000000e+02	2.012497612515482589e-03	1.341783582940687947e-03	1.207749941799319019e-03	1.660112244360963151e-03
2.951000000000000227e+02	2.002355329990263780e-03	1.328452912687122641e-03	1.220781117902166972e-03	1.664672813264586821e-03
2.951999999999999886e+02	1.994696962421396279e-03	1.328768136397357521e-03	1.222379778619989664e-03	1.646675464355252172e-03
2.952900000000000205e+02	1.990688072635431963e-03	1.319815536206587819e-03	1.222030578742697030e-03	1.660925014322830844e-03
2.953999999999999773e+02	1.989361629827094378e-03	1.319414781381110079e-03	1.229330608919832358e-03	1.654234063996657452e-03
2.955000000000000000e+02	1.989848205429646608e-03	1.304113008834530737e-03	1.227288991993638915e-03	1.655498529703704766e-03
2.956100000000000136e+02	1.983376941711410910e-03	1.292160031583871466e-03	1.231267624862427074e-03	1.667065151828352751e-03
2.956999999999999886e+02	1.981304944602129293e-03	1.286086276908315592e-03	1.239387490392539291e-03	1.670133973632320894e-03
2.958000000000000114e+02	1.973425677729753833e-03	1.266024066952070115e-03	1.249573876790472391e-03	1.673971883512834517e-03
2.958999999999999773e+02	1.960084818107325332e-03	1.261837369378049876e-03	1.258416543276847602e-03	1.669971362131257618e-03
2.959900000000000091e+02	1.953856608277727575e-03	1.259338230317124134e-03	1.262250481133836031e-03	1.668228614028299242e-03
2.961000000000000227e+02	1.948437416322628193e-03	1.252300230660544295e-03	1.266854077968870493e-03	1.669018047966577952e-03
2.961999999999999886e+02	1.939826824332728994e-03	1.243088739931417185e-03	1.270079035170893671e-03	1.668918241565854046e-03
2.963000000000000114e+02	1.931375276673212918e-03	1.242266743022294633e-03	1.277543363927930017e-03	1.675691907036366791e-03
2.963899999999999864e+02	1.924990071095335469e-03	1.238018581668146609e-03	1.283127812659515428e-03	1.669485394619433767e-03
2.965000000000000000e+02	1.920518245427183315e-03	1.240752448094862778e-03	1.288353388894708214e-03	1.675241787853720904e-03
2.966000000000000227e+02	1.921739319537896793e-03	1.236751564052799603e-03	1.294520247680040282e-03	1.671456700898368841e-03
2.966999999999999886e+02	1.918254394197665058e-03	1.226175034972541928e-03	1.298676191166902097e-03	1.673437389941469797e-03
2.968000000000000114e+02	1.913742813884558450e-03	1.223945626561848566e-03	1.301329276449207433e-03	1.671111202229381759e-03
2.968999999999999773e+02	1.909117648874909205e-03	1.215025493937618023e-03	1.305790436444691401e-03	1.678425459465154174e-03
2.970000000000000000e+02	1.904130401326483953e-03	1.213503507965606534e-03	1.312259421695147199e-03	1.677019469872452007e-03
2.972500000000000000e+02	1.892209544845692816e-03	1.197205391244481922e-03	1.327948190494948610e-03	1.685212784538700666e-03
2.975000000000000000e+02	1.880121868892644038e-03	1.191875274692456941e-03	1.344999079684049224e-03	1.682644619968058945e-03
2.977500000000000000e+02	1.867705629323747297e-03	1.177589744597415779e-03	1.360190921342744339e-03	1.685179168851069819e-03
2.980099999999999909e+02	1.851776040720153884e-03	1.174014568664175345e-03	1.376430753613246344e-03	1.682513752182882884e-03
2.982500000000000000e+02	1.844580804619952441e-03	1.175250382098180215e-03	1.388355998907725170e-03	1.680339976134839937e-03
2.985000000000000000e+02	1.841835594348484708e-03	1.168799189830037420e-03	1.398528159155706637e-03	1.679766371065074138e-03
2.987599999999999909e+02	1.836762679588754658e-03	1.157903272255843144e-03	1.412097650900040859e-03	1.685193537180206544e-03
2.990000000000000000e+02	1.828002218122270909e-03	1.146207540371692703e-03	1.425630800313176403e-03	1.683908853777211709e-03
2.992599999999999909e+02	1.814372053026410163e-03	1.137020265145173266e-03	1.440102492320082667e-03	1.687929815909278847e-03
2.994900000000000091e+02	1.802270852584747073e-03	1.134634036466068046e-03	1.456403566648804696e-03	1.688904386983174208e-03
2.997500000000000000e+02	1.794680458926451198e-03	1.135377753786551537e-03	1.470347599237951464e-03	1.683063190486104154e-03
3.000099999999999909e+02	1.787868974600548668e-03	1.127709308717227523e-03	1.482770431742781725e-03	1.686965150776561497e-03
3.002400000000000091e+02	1.777843097096525569e-03	1.123771149041475747e-03	1.497899435987622976e-03	1.688086615405938549e-03
3.005099999999999909e+02	1.769927978621823250e-03	1.125871500837436704e-03	1.511623590103511544e-03	1.684187746615995341e-03
3.007500000000000000e+02	1.766827926030864948e-03	1.122709221904342504e-03	1.524756057333217108e-03	1.691339398069459160e-03
3.010000000000000000e+02	1.758709990883972323e-03	1.114756755350431675e-03	1.545416266585446403e-03	1.693617525454059513e-03
3.012500000000000000e+02	1.751481558766184192e-03	1.117305575489482101e-03	1.562342018917280487e-03	1.688116841285972882e-03
3.015000000000000000e+02	1.744843424699633796e-03	1.110784435002505014e-03	1.579613396457899823e-03	1.692908618092909883e-03
3.017599999999999909e+02	1.738287877265883019e-03	1.114069468309279243e-03	1.603158782531750913e-03	1.691056668041597977e-03
3.020000000000000000e+02	1.735302527567452163e-03	1.109832167490938486e-03	1.621669305323351299e-03	1.684574046511007166e-03
3.022500000000000000e+02	1.726489183698233162e-03	1.104280062569169699e-03	1.644588247146143174e-03	1.686152046088514305e-03
3.025099999999999909e+02	1.719734515249780665e-03	1.109571036318354091e-03	1.667877589222874386e-03	1.670844568214518294e-03
3.027400000000000091e+02	1.718159584534497547e-03	1.107446285677136455e-03	1.683222181032186264e-03	1.664524601056000669e-03
3.030000000000000000e+02	1.712050677123507988e-03	1.102511363556740297e-03	1.703871941628748096e-03	1.656982628301835892e-03
3.032400000000000091e+02	1.705259971283782988e-03	1.103159653453149053e-03	1.723551823401295096e-03	1.646458477895654856e-03
3.035099999999999909e+02	1.699992799824469672e-03	1.103322964214656149e-03	1.744806474085939564e-03	1.633230464529333457e-03
3.037500000000000000e+02	1.694343252329678483e-03	1.102032827006344017e-03	1.762073129798871806e-03	1.618078362227093813e-03
3.040000000000000000e+02	1.689426409086332032e-03	1.105078967545865916e-03	1.776714031089177874e-03	1.602291635345762591e-03
3.042599999999999909e+02	1.686032523384517435e-03	1.105165315724055373e-03	1.792202317448321654e-03	1.588999875491173925e-03
3.045000000000000000e+02	1.682398612466141051e-03	1.106091510274417140e-03	1.806940845581890033e-03	1.572975001175125212e-03
3.047599999999999909e+02	1.680792095093607214e-03	1.108252339151663242e-03	1.820315582570722866e-03	1.554806164511274985e-03
3.050000000000000000e+02	1.678703820355653123e-03	1.104965782269456964e-03	1.830685965538112652e-03	1.538238019245567528e-03
3.052500000000000000e+02	1.673394702082940102e-03	1.104180171275251105e-03	1.841685131235635663e-03	1.522924202301091396e-03
3.055099999999999909e+02	1.670038203508369002e-03	1.106973532884204456e-03	1.852546948069048235e-03	1.503861782457223363e-03
3.057500000000000000e+02	1.666408194856725238e-03	1.104648020703972566e-03	1.862380979758832726e-03	1.488075670907320529e-03
3.060000000000000000e+02	1.661400519105314015e-03	1.107995693168786116e-03	1.870896525101609477e-03	1.466371350355609492e-03
3.062500000000000000e+02	1.660352305469085495e-03	1.112049050858352622e-03	1.876075074598998905e-03	1.447267475628569861e-03
3.065000000000000000e+02	1.659834379569197042e-03	1.111542527231184144e-03	1.879800025754586879e-03	1.428130661459561931e-03
3.067599999999999909e+02	1.658526335061776729e-03	1.112573240170012948e-03	1.883680220780013402e-03	1.411105314607838650e-03
3.070000000000000000e+02	1.656393781901783048e-03	1.111047560168310815e-03	1.887222115134872587e-03	1.392837499889646889e-03
3.072599999999999909e+02	1.653042605278013007e-03	1.112722386837371831e-03	1.888362338300130514e-03	1.373050689871124211e-03
3.075000000000000000e+02	1.651110053791851736e-03	1.114801187652069564e-03	1.888370678811428617e-03	1.356624667060892919e-03
3.077400000000000091e+02	1.651157345564740120e-03	1.117615026016760549e-03	1.886610690277088246e-03	1.338926881094212830e-03
3.080000000000000000e+02	1.650726787778926440e-03	1.116470278247935809e-03	1.884526017332438302e-03	1.324532267918188946e-03
3.082400000000000091e+02	1.649732803402827663e-03	1.118380204719491774e-03	1.882256656115518590e-03	1.308159435387667904e-03
3.085000000000000000e+02	1.649853813241577115e-03	1.118543424187474480e-03	1.877981545221999631e-03	1.293988579774405390e-03
3.087500000000000000e+02	1.648105371261027099e-03	1.117416771398216336e-03	1.875344298164869240e-03	1.281607481503787942e-03
3.090000000000000000e+02	1.648001181481469676e-03	1.120983782855518134e-03	1.870109753516303614e-03	1.265513144269951465e-03
3.092599999999999909e+02	1.646769951984292362e-03	1.117269280841757346e-03	1.866373080622684907e-03	1.258188391678611564e-03
3.094900000000000091e+02	1.644777495943861544e-03	1.121454335865647387e-03	1.863416030628457787e-03	1.242387047157092429e-03
3.097500000000000000e+02	1.645784787444941897e-03	1.122383434632134120e-03	1.855512337643134722e-03	1.231060985890609569e-03
3.100099999999999909e+02	1.645504021213515210e-03	1.122076282237004664e-03	1.848734058011411311e-03	1.221788904903636092e-03
3.109900000000000091e+02	1.646444896199327369e-03	1.127203999769745956e-03	1.827489785780308292e-03	1.190277368045061443e-03
3.119900000000000091e+02	1.649984559828186585e-03	1.127322956567196159e-03	1.807928510050827190e-03	1.167758493689226946e-03
3.130000000000000000e+02	1.654635894982140918e-03	1.128941274986345169e-03	1.790382793017283435e-03	1.147529987556256820e-03
3.139900000000000091e+02	1.660981383508360878e-03	1.127323630381447516e-03	1.773722937400565953e-03	1.133623366834167262e-03
3.150000000000000000e+02	1.670889980474269537e-03	1.126595674837901472e-03	1.762689083704280495e-03	1.126595674837901472e-03
3.199830000000000041e+02	1.691795091051930813e-03	1.071612691581520132e-03	1.735570139497073696e-03	1.071612691581520132e-03
3.251580000000000155e+02	1.688604492206447275e-03	1.018199090433566682e-03	1.713865690360007405e-03	1.018199090433566682e-03
3.304180000000000064e+02	1.676282113152494611e-03	9.674458758583027052e-04	1.692096449390068699e-03	9.674458758583027052e-04
3.357620000000000005e+02	1.658204300437357863e-03	9.192301678182844896e-04	1.668585227744591839e-03	9.192301678182844896e-04
3.411920000000000073e+02	1.636021756733730455e-03	8.734253132735916858e-04	1.643042032288626357e-03	8.734253132735916858e-04
3.467110000000000127e+02	1.610762044875046779e-03	8.299023389651937876e-04	1.615597755794043102e-03	8.299023389651937876e-04
3.523190000000000168e+02	1.583152672293786393e-03	7.885538306209349856e-04	1.586516921252140166e-03	7.885538306209349856e-04
3.580169999999999959e+02	1.553730918085812580e-03	7.492741624229691403e-04	1.556077084036365001e-03	7.492741624229691403e-04
3.638079999999999927e+02	1.522908181114420671e-03	7.119499731478014064e-04	1.524535219619662990e-03	7.119499731478014064e-04
3.696920000000000073e+02	1.491051785015755056e-03	6.764936328720686778e-04	1.492163061419870835e-03	6.764936328720686778e-04
3.756720000000000255e+02	1.458719884886421330e-03	6.428031890483133044e-04	1.459456873304309111e-03	6.428031890483133044e-04
3.817479999999999905e+02	1.425554724849273152e-03	6.094829158059917543e-04	1.426017960313799311e-03	6.094829158059917543e-04
3.879220000000000255e+02	1.390513409603562345e-03	5.770804202044399261e-04	1.390775415620023985e-03	5.770804202044399261e-04
3.941970000000000027e+02	1.353185717485855472e-03	5.463028532273274699e-04	1.353299509630865585e-03	5.463028532273274699e-04
4.005729999999999791e+02	1.312237583295277699e-03	5.170039269175251938e-04	1.312242410903070606e-03	5.170039269175251938e-04
4.070520000000000209e+02	1.258899754401387018e-03	4.892173731293861282e-04	1.258824903367226911e-03	4.892173731293861282e-04
4.098000000000000114e+02	1.176360756027466101e-03	4.780684089450402160e-04	1.176259389903905198e-03	4.780684089450402160e-04
4.100000000000000000e+02	1.175581961365951235e-03	5.376637566802123765e-04	1.175478810278301036e-03	5.376637566802123765e-04
4.136349999999999909e+02	1.234962046235461896e-03	5.216040090851372128e-04	1.234829538023528945e-03	5.216040090851372128e-04
4.203260000000000218e+02	1.223777267410626523e-03	4.937178031489443397e-04	1.223603734921176623e-03	4.937178031489443397e-04
4.271240000000000236e+02	1.201934312801133291e-03	4.673265837292765626e-04	1.201732395958150660e-03	4.673265837292765626e-04
4.340319999999999823e+02	1.176766087432353338e-03	4.423475105309879261e-04	1.176545395696580515e-03	4.423475105309879261e-04
4.410520000000000209e+02	1.150079222554481603e-03	4.187046948710585284e-04	1.149847070997248727e-03	4.187046948710585284e-04
4.481859999999999786e+02	1.122646945168947596e-03	3.963165012568090821e-04	1.122408895752690858e-03	3.963165012568090821e-04
4.554350000000000023e+02	1.094865818262945236e-03	3.750840503353296295e-04	1.094626085761554127e-03	3.750840503353296295e-04
4.628020000000000209e+02	1.066961483229017732e-03	3.549635309860936592e-04	1.066723241569681683e-03	3.549635309860936592e-04
4.702869999999999777e+02	1.039107638847368287e-03	3.359096697191577474e-04	1.038873254955202186e-03	3.359096697191577474e-04
4.778940000000000055e+02	1.011427860355068511e-03	3.178780280697861413e-04	1.011199075555695116e-03	3.178780280697861413e-04
4.856229999999999905e+02	9.840567496288744626e-04	3.008066083657417143e-04	9.838348162776535972e-04	3.008066083657417143e-04
4.934780000000000086e+02	9.569609424903438794e-04	2.844890865930352255e-04	9.567467350316924846e-04	2.844890865930352255e-04
5.014590000000000032e+02	9.301162889121540036e-04	2.690584473730935652e-04	9.299103843465119116e-04	2.690584473730935652e-04
5.095699999999999932e+02	9.035776911409682671e-04	2.544641418965560100e-04	9.033804389166601384e-04	2.544641418965560100e-04
5.178120000000000118e+02	8.773321333811955015e-04	2.406637066795686865e-04	8.771437040628579694e-04	2.406637066795686865e-04
5.261870000000000118e+02	8.512681365577949881e-04	2.276135924372281992e-04	8.510885636658948369e-04	2.276135924372281992e-04
5.346979999999999791e+02	8.249297919500152938e-04	2.152722248777071893e-04	8.247590052220752635e-04	2.152722248777071893e-04
5.430000000000000000e+02	7.887696172608061988e-04	2.040574994907722311e-04	7.886071268514129257e-04	2.040574994907722311e-04
5.432000000000000455e+02	7.882458709612230911e-04	2.127130718233964408e-04	7.880835766895363716e-04	2.127130718233964408e-04
5.433460000000000036e+02	7.912049527999878836e-04	2.125130308210704711e-04	7.910428015935796467e-04	2.125130308210704711e-04
5.521340000000000146e+02	7.783875652726561165e-04	2.009957863583593241e-04	7.782338407824293839e-04	2.009957863583593241e-04
5.610650000000000546e+02	7.575333985158338437e-04	1.900610842551671558e-04	7.573878496025567009e-04	1.900610842551671558e-04
5.701390000000000100e+02	7.363079686595734065e-04	1.796585860921158593e-04	7.361703117861092670e-04	1.796585860921158593e-04
5.793609999999999900e+02	7.151761772937784926e-04	1.698064490671448185e-04	7.150461109107620174e-04	1.698064490671448185e-04
5.887319999999999709e+02	6.943199979848972952e-04	1.604988729580640648e-04	6.941972068596142034e-04	1.604988729580640648e-04
5.982540000000000191e+02	6.738259303342448298e-04	1.517039298341767443e-04	6.737100926583742449e-04	1.517039298341767443e-04
6.079299999999999500e+02	6.537311753265065200e-04	1.433908928074341784e-04	6.536219682408303490e-04	1.433908928074341784e-04
6.177630000000000337e+02	6.340541201455518168e-04	1.355338388666614015e-04	6.339512233415098936e-04	1.355338388666614015e-04
6.277549999999999955e+02	6.148017343297926089e-04	1.281006724811296167e-04	6.147048322168664801e-04	1.281006724811296167e-04
6.379080000000000155e+02	5.959587608203515460e-04	1.210548958176612446e-04	5.958675447460999326e-04	1.210548958176612446e-04
6.482259999999999991e+02	5.774784169487434107e-04	1.143673428519693740e-04	5.773925878624170879e-04	1.143673428519693740e-04
6.587110000000000127e+02	5.592919666515710261e-04	1.080321617623113893e-04	5.592112350909308766e-04	1.080321617623113893e-04
6.693650000000000091e+02	5.412659852776366886e-04	1.020475331461498077e-04	5.411900722316362409e-04	1.020475331461498077e-04
6.801910000000000309e+02	5.231581130067372359e-04	9.650289010566760403e-05	5.230867508922431046e-04	9.650289010566760403e-05
6.911929999999999836e+02	5.037176814689842044e-04	9.135254943028914981e-05	5.036506147286976508e-04	9.135254943028914981e-05
6.966000000000000227e+02	4.819715075319513996e-04	8.897338079532902911e-05	4.819064379369392527e-04	8.897338079532902911e-05
6.967999999999999545e+02	4.817175568974932853e-04	9.938402446887056971e-05	4.816525597943759496e-04	9.938402446887056971e-05
7.023719999999999573e+02	4.889296543227561681e-04	9.672568481667806212e-05	4.888666383232936549e-04	9.672568481667806212e-05
7.137329999999999472e+02	4.779088129733618400e-04	9.137821430289233137e-05	4.778496154382336041e-04	9.137821430289233137e-05
7.252770000000000437e+02	4.651181385135068585e-04	8.618086867803425428e-05	4.650625379465930060e-04	8.618086867803425428e-05
7.370080000000000382e+02	4.519811231117231353e-04	8.127987398953164487e-05	4.519289095656934207e-04	8.127987398953164487e-05
7.489279999999999973e+02	4.388741468646179195e-04	7.665820197257231709e-05	4.388251210258917287e-04	7.665820197257231709e-05
7.610420000000000300e+02	4.259350329332366571e-04	7.229910592535924334e-05	4.258890065631893785e-04	7.229910592535924334e-05
7.733509999999999991e+02	4.132326251253250161e-04	6.818340503271340391e-05	4.131894196504749643e-04	6.818340503271340391e-05
7.858590000000000373e+02	4.007968213902578149e-04	6.429393243657000219e-05	4.007562682562734735e-04	6.429393243657000219e-05
7.985700000000000500e+02	3.886431808547958599e-04	6.062205472357823843e-05	3.886051210510489966e-04	6.062205472357823843e-05
8.114859999999999900e+02	3.767852049224564232e-04	5.715979958525609870e-05	3.767494881642141917e-04	5.715979958525609870e-05
8.246109999999999900e+02	3.652302335216996696e-04	5.389571632769393696e-05	3.651967182196685577e-04	5.389571632769393696e-05
8.379489999999999554e+02	3.539818457387627253e-04	5.081835792310972325e-05	3.539503985433708967e-04	5.081835792310972325e-05
8.515019999999999527e+02	3.430410826435392941e-04	4.791462087209117526e-05	3.430115777285742355e-04	4.791462087209117526e-05
8.652740000000000009e+02	3.324038345879638920e-04	4.517413575167775999e-05	3.323761535665434373e-04	4.517413575167775999e-05
8.792690000000000055e+02	3.220652886224219290e-04	4.258818888909541125e-05	3.220393201330750896e-04	4.258818888909541125e-05
8.934909999999999854e+02	3.120227747542790304e-04	4.015058657175728501e-05	3.119984140650421448e-04	4.015058657175728501e-05
9.079429999999999836e+02	3.022731194653711191e-04	3.784892334869202830e-05	3.022502679984028222e-04	3.784892334869202830e-05
9.226280000000000427e+02	2.928103206065839348e-04	3.567446537077517736e-05	2.927888856111810043e-04	3.567446537077517736e-05
9.375510000000000446e+02	2.836229303224249753e-04	3.361525663593666616e-05	2.836028247319634810e-04	3.361525663593666616e-05
9.527150000000000318e+02	2.747029948215920069e-04	3.167317502495499182e-05	2.746841367423587840e-04	3.167317502495499182e-05
9.681240000000000236e+02	2.660467500027549224e-04	2.984184994548576207e-05	2.660290625040177869e-04	2.984184994548576207e-05
9.837830000000000155e+02	2.576486358391483385e-04	2.811604691067816163e-05	2.576320467283541938e-04	2.811604691067816163e-05
9.996950000000000500e+02	2.495040934370267266e-04	2.648933331641088631e-05	2.494885348379960151e-04	2.648933331641088631e-05
1.015860000000000014e+03	2.416086974699595085e-04	2.495603156277429520e-05	2.415941054117876747e-04	2.495603156277429520e-05
1.032289999999999964e+03	2.339554357191570087e-04	2.351243790217882055e-05	2.339417505968409904e-04	2.351243790217882055e-05
1.048990000000000009e+03	2.265373323160908945e-04	2.214430091102321074e-05	2.265244981776923781e-04	2.214430091102321074e-05
1.065960000000000036e+03	2.193426907829866676e-04	2.084775872780366020e-05	2.193306548778037888e-04	2.084775872780366020e-05
1.083200000000000045e+03	2.123666158924986146e-04	1.962787088731716354e-05	2.123553285293180710e-04	1.962787088731716354e-05
1.100720000000000027e+03	2.056041533245371675e-04	1.847893310483950794e-05	2.055935681155410288e-04	1.847893310483950794e-05
1.118519999999999982e+03	1.990512154691126336e-04	1.739679017024882329e-05	1.990412887154134820e-04	1.739679017024882329e-05
1.136609999999999900e+03	1.927004996252888627e-04	1.637846556851817707e-05	1.926911905207688005e-04	1.637846556851817707e-05
1.155000000000000000e+03	1.865455323244898914e-04	1.541951342348248650e-05	1.865368027315375771e-04	1.541951342348248650e-05
1.173680000000000064e+03	1.805856664458554040e-04	1.451686176548245809e-05	1.805774801336600599e-04	1.451686176548245809e-05
1.192660000000000082e+03	1.748137382821450352e-04	1.366722210864282128e-05	1.748060614308795412e-04	1.366722210864282128e-05
1.211950000000000045e+03	1.692230929055050148e-04	1.286675453320107664e-05	1.692158939194066895e-04	1.286675453320107664e-05
1.231549999999999955e+03	1.638101537914935294e-04	1.211257893151341440e-05	1.638034029103858176e-04	1.211257893151341440e-05
1.251470000000000027e+03	1.585679014871624543e-04	1.140027696039252629e-05	1.585615709031377952e-04	1.140027696039252629e-05
1.271720000000000027e+03	1.534891759124416572e-04	1.072735385148765929e-05	1.534832396227996782e-04	1.072735385148765929e-05
1.292289999999999964e+03	1.485714047855719888e-04	1.009145941434416327e-05	1.485658381139348596e-04	1.009145941434416327e-05
1.313190000000000055e+03	1.438079241518576065e-04	9.492740055728919187e-06	1.438027040517071014e-04	9.492740055728919187e-06
1.334430000000000064e+03	1.391939625559643172e-04	8.929400091092147039e-06	1.391890674873517649e-04	8.929400091092147039e-06
1.356009999999999991e+03	1.347265607178351431e-04	8.399415702587965374e-06	1.347219703999485746e-04	8.399415702587965374e-06
1.377940000000000055e+03	1.304005428523384916e-04	7.900885402715756618e-06	1.303962383286173289e-04	7.900885402715756618e-06
1.400230000000000018e+03	1.262110406486671732e-04	7.431804975730595230e-06	1.262070041891718837e-04	7.431804975730595230e-06
1.422880000000000109e+03	1.221550193431839948e-04	6.990448163625297858e-06	1.221512342488818240e-04	6.990448163625297858e-06
1.445890000000000100e+03	1.182293532606285767e-04	6.575355169286170164e-06	1.182258038150665918e-04	6.575355169286170164e-06
1.469279999999999973e+03	1.144278187988089136e-04	6.184743187748807948e-06	1.144244904018100223e-04	6.184743187748807948e-06
1.493039999999999964e+03	1.107493827408497216e-04	5.817245547621772285e-06	1.107462615543517581e-04	5.817245547621772285e-06
1.517190000000000055e+03	1.071874560272176178e-04	5.470269590724398639e-06	1.071845291937775936e-04	5.470269590724398639e-06
1.541730000000000018e+03	1.037388188337336485e-04	5.143832260637319782e-06	1.037360742443413310e-04	5.143832260637319782e-06
1.566670000000000073e+03	1.003997777821013506e-04	4.836834044233044432e-06	1.003972041065949824e-04	4.836834044233044432e-06
1.592009999999999991e+03	9.716785337791724090e-05	4.548150913459574722e-06	9.716543994921641666e-05	4.548150913459574722e-06
1.617759999999999991e+03	9.403925406064899577e-05	4.276709011275281298e-06	9.403699089905240543e-05	4.276709011275281298e-06
1.643920000000000073e+03	9.101152672759198984e-05	4.021547189149217059e-06	9.100940444052875162e-05	4.021547189149217059e-06
1.670509999999999991e+03	8.808002422061799407e-05	3.781571177691931349e-06	8.807803406943442710e-05	3.781571177691931349e-06
1.697529999999999973e+03	8.524253950693838622e-05	3.555915166614211835e-06	8.524067326150149828e-05	3.555915166614211835e-06
1.724990000000000009e+03	8.249613941389609482e-05	3.343737763894350895e-06	8.249438936900576052e-05	3.343737763894350895e-06
1.752890000000000100e+03	7.983809779499256669e-05	3.142976105282596293e-06	7.983645669705463058e-05	3.142976105282596293e-06
1.781240000000000009e+03	7.726458759309701987e-05	2.953866649794805994e-06	7.726304865272939644e-05	2.953866649794805994e-06
1.810049999999999955e+03	7.477270886371469711e-05	2.775847175734810281e-06	7.477126572392324519e-05	2.775847175734810281e-06
1.839319999999999936e+03	7.236050261104627992e-05	2.608591061738644889e-06	7.235914928807071864e-05	2.608591061738644889e-06
1.869069999999999936e+03	7.002451720020999289e-05	2.451399775565923966e-06	7.002324812002474683e-05	2.451399775565923966e-06
1.899299999999999955e+03	6.776290969308729011e-05	2.303684329873132440e-06	6.776171960649634326e-05	2.303684329873132440e-06
1.930019999999999982e+03	6.557305658996455692e-05	2.164870142029183376e-06	6.557194058044821684e-05	2.164870142029183376e-06
1.961240000000000009e+03	6.345242263823165098e-05	2.034418431576942094e-06	6.345137609960017975e-05	2.034418431576942094e-06
1.992960000000000036e+03	6.139904707615036401e-05	1.911836161409464458e-06	6.139806567221070880e-05	1.911836161409464458e-06
2.025200000000000045e+03	5.941050142548837229e-05	1.797330321145942838e-06	5.940958111336744113e-05	1.797330321145942838e-06
2.057949999999999818e+03	5.748531733385426500e-05	1.688530221797877138e-06	5.748445428966006952e-05	1.688530221797877138e-06
2.091239999999999782e+03	5.561914261738455369e-05	1.586178371504607967e-06	5.561833329210895383e-05	1.586178371504607967e-06
2.125059999999999945e+03	5.381094956103327291e-05	1.489952754586906226e-06	5.381019059751188224e-05	1.489952754586906226e-06
2.159429999999999836e+03	5.205773285989599860e-05	1.399464052896127553e-06	5.205702112702139680e-05	1.399464052896127553e-06
2.194360000000000127e+03	5.035691132497725726e-05	1.314374804162055554e-06	5.035624388738183779e-05	1.314374804162055554e-06
2.229849999999999909e+03	4.870607134046382091e-05	1.234366569328799929e-06	4.870544543469234087e-05	1.234366569328799929e-06
2.265920000000000073e+03	4.710136344904895518e-05	1.159152688689958267e-06	4.710077649592258714e-05	1.159152688689958267e-06
2.302570000000000164e+03	4.553886892989637575e-05	1.088438699431897352e-06	4.553831850100216667e-05	1.088438699431897352e-06
2.339809999999999945e+03	4.401207945056748134e-05	1.021973554462529024e-06	4.401156326972439719e-05	1.021973554462529024e-06
2.377659999999999854e+03	4.250881330572045975e-05	9.594532177464451395e-07	4.250832924752370859e-05	9.594532177464451395e-07
2.416110000000000127e+03	4.100066913488425448e-05	9.007247119231516402e-07	4.100021519030850497e-05	9.007247119231516402e-07
2.455190000000000055e+03	3.934151350379816648e-05	8.455166146492542641e-07	3.934108780443850594e-05	8.455166146492542641e-07
2.471900000000000091e+03	3.716907574181200856e-05	8.233170813616369474e-07	3.716866144752832156e-05	8.233170813616369474e-07
2.472099999999999909e+03	3.716329335505301425e-05	1.776808838211205290e-06	3.716287919491495831e-05	1.776808838211205290e-06
2.494900000000000091e+03	3.820635989675215681e-05	1.718376809462450321e-06	3.820596068317601979e-05	1.718376809462450321e-06
2.535260000000000218e+03	3.729658881525717555e-05	1.621032451433320987e-06	3.729621444362393338e-05	1.621032451433320987e-06
2.576260000000000218e+03	3.625789671185268201e-05	1.528984366140597655e-06	3.625754562867691957e-05	1.528984366140597655e-06
2.617929999999999836e+03	3.520074960097196044e-05	1.441963258165900127e-06	3.520042036058397615e-05	1.441963258165900127e-06
2.660269999999999982e+03	3.415130060218554399e-05	1.359768332657860834e-06	3.415099184332633195e-05	1.359768332657860834e-06
2.703300000000000182e+03	3.311925756334161195e-05	1.282057808987637686e-06	3.311896801372010924e-05	1.282057808987637686e-06
2.747030000000000200e+03	3.210922003833161767e-05	1.208616256249329075e-06	3.210894850403345858e-05	1.208616256249329075e-06
2.791460000000000036e+03	3.112372399990036910e-05	1.139257497707119540e-06	3.112346935702270297e-05	1.139257497707119540e-06
2.836610000000000127e+03	3.016373716655865980e-05	1.073793793403755225e-06	3.016349836443657742e-05	1.073793793403755225e-06
2.882489999999999782e+03	2.922974922902561642e-05	1.011917448944812292e-06	2.922952528192403074e-05	1.011917448944812292e-06
2.929110000000000127e+03	2.832186909124097542e-05	9.535456650808298229e-07	2.832165907416773435e-05	9.535456650808298229e-07
2.976480000000000018e+03	2.743999951311159924e-05	8.984286212940726928e-07	2.743980255830022534e-05	8.984286212940726928e-07
3.024630000000000109e+03	2.658347909385744379e-05	8.463805762566762990e-07	2.658329439203865611e-05	8.463805762566762990e-07
3.073550000000000182e+03	2.575230687643390181e-05	7.972915486024757070e-07	2.575213366313893387e-05	7.972915486024757070e-07
3.123260000000000218e+03	2.494586526889072979e-05	7.509627701398676244e-07	2.494570282905303598e-05	7.509627701398676244e-07
3.173780000000000200e+03	2.416351128050714766e-05	7.072583767576860922e-07	2.416335894503596185e-05	7.072583767576860922e-07
3.225110000000000127e+03	2.340487669277198910e-05	6.660157120000124810e-07	2.340473383172705173e-05	6.660157120000124810e-07
3.277269999999999982e+03	2.266926775012922002e-05	6.271296940524328546e-07	2.266913377404799061e-05	6.271296940524328546e-07
3.330280000000000200e+03	2.195603039192853801e-05	5.904645145830533533e-07	2.195590474907808151e-05	5.904645145830533533e-07
3.384150000000000091e+03	2.126462700496668969e-05	5.558765034976582657e-07	2.126450917726012722e-05	5.558765034976582657e-07
3.438880000000000109e+03	2.059462244260453845e-05	5.232662455024340938e-07	2.059451194236474789e-05	5.232662455024340938e-07
3.494500000000000000e+03	1.994523218285262179e-05	4.925261409581113698e-07	1.994512855487418361e-05	4.925261409581113698e-07
3.551019999999999982e+03	1.931593234416040646e-05	4.635464637811106221e-07	1.931583516097328009e-05	4.635464637811106221e-07
3.608460000000000036e+03	1.870609086362555663e-05	4.362300900630529124e-07	1.870599972495209508e-05	4.362300900630529124e-07
3.666820000000000164e+03	1.811530010576196614e-05	4.104927400409341427e-07	1.811521463470842886e-05	4.104927400409341427e-07
3.726130000000000109e+03	1.754285513805111833e-05	3.862388042986352287e-07	1.754277498263228646e-05	3.862388042986352287e-07
3.786400000000000091e+03	1.698826843143948472e-05	3.633840036314571107e-07	1.698819326104293890e-05	3.633840036314571107e-07
3.847639999999999873e+03	1.645105609234438104e-05	3.418535175911880815e-07	1.645098559652883609e-05	3.418535175911880815e-07
3.909869999999999891e+03	1.593065927933582060e-05	3.215715170168369875e-07	1.593059316734036821e-05	3.215715170168369875e-07
3.973110000000000127e+03	1.542653651654851856e-05	3.024672106071216368e-07	1.542647451590223282e-05	3.024672106071216368e-07
4.037380000000000109e+03	1.493818837196260364e-05	2.844958537563216260e-07	1.493813022737923934e-05	2.844958537563216260e-07
4.102680000000000291e+03	1.446525901038429671e-05	2.675538044224934880e-07	1.446520448148705545e-05	2.675538044224934880e-07
4.169029999999999745e+03	1.400723219710065983e-05	2.516016435907629511e-07	1.400718105869938496e-05	2.516016435907629511e-07
4.236460000000000036e+03	1.356357088388040645e-05	2.365862032110239323e-07	1.356352292545846915e-05	2.365862032110239323e-07
4.304979999999999563e+03	1.313388742316250788e-05	2.224517215196208379e-07	1.313384244690725907e-05	2.224517215196208379e-07
4.374619999999999891e+03	1.271767885150281470e-05	2.091461219765147457e-07	1.271763667239285478e-05	2.091461219765147457e-07
4.445369999999999891e+03	1.231469275397091860e-05	1.966266490972744300e-07	1.231465319745328584e-05	1.966266490972744300e-07
4.517270000000000437e+03	1.192439431511292510e-05	1.848435212369315731e-07	1.192435721829284147e-05	1.848435212369315731e-07
4.590329999999999927e+03	1.154643704658306108e-05	1.737568276595407682e-07	1.154640225637856256e-05	1.737568276595407682e-07
4.664579999999999927e+03	1.118038155297242572e-05	1.633223713383264600e-07	1.118034892619817791e-05	1.633223713383264600e-07
4.740029999999999745e+03	1.082590323896711095e-05	1.535061619311519745e-07	1.082587264103297514e-05	1.535061619311519745e-07
4.816689999999999600e+03	1.048268164443566836e-05	1.442717008200826420e-07	1.048265294892439122e-05	1.442717008200826420e-07
4.894600000000000364e+03	1.015027649089566883e-05	1.355856513466159788e-07	1.015024957973469795e-05	1.355856513466159788e-07
4.973770000000000437e+03	9.828394480002818168e-06	1.274141103267753921e-07	9.828369242220964444e-06	1.274141103267753921e-07
5.054210000000000036e+03	9.516743936069363535e-06	1.197292744735728527e-07	9.516720267392583482e-06	1.197292744735728527e-07
5.135960000000000036e+03	9.214930702808702431e-06	1.125017029158469377e-07	9.214908505823489140e-06	1.125017029158469377e-07
5.219029999999999745e+03	8.922688373710322036e-06	1.057051355510407440e-07	8.922667556885565085e-06	1.057051355510407440e-07
5.303439999999999600e+03	8.639718485900401614e-06	9.931220748346067037e-08	8.639698963335506570e-06	9.931220748346067037e-08
5.389220000000000255e+03	8.365702222684647435e-06	9.330184962034913506e-08	8.365683913990648010e-06	9.330184962034913506e-08
5.476390000000000327e+03	8.100365154225186247e-06	8.764880577784032160e-08	8.100347983923896389e-06	8.764880577784032160e-08
5.564970000000000255e+03	7.843441739393957615e-06	8.233614393179383309e-08	7.843425636712272946e-06	8.233614393179383309e-08
5.654979999999999563e+03	7.594675034167162126e-06	7.734080841426452714e-08	7.594659932681671177e-06	7.734080841426452714e-08
5.746439999999999600e+03	7.353814111022929024e-06	7.264547516207133926e-08	7.353799948429233975e-06	7.264547516207133926e-08
5.839390000000000327e+03	7.120567649160933636e-06	6.823128456155369603e-08	7.120554367173951997e-06	6.823128456155369603e-08
5.933829999999999927e+03	6.894753674555337585e-06	6.408257006768997035e-08	6.894741218297032903e-06	6.408257006768997035e-08
6.029810000000000400e+03	6.676075678610184312e-06	6.018198328956453306e-08	6.676063996852012406e-06	6.018198328956453306e-08
6.127329999999999927e+03	6.464364431906756959e-06	5.651858430852186901e-08	6.464353476373683515e-06	5.651858430852186901e-08
6.226439999999999600e+03	6.259346764722626846e-06	5.307383140951565267e-08	6.259336490368789209e-06	5.307383140951565267e-08
6.327149999999999636e+03	6.060841587191543624e-06	4.983613805670894319e-08	6.060831951645310382e-06	4.983613805670894319e-08
6.429479999999999563e+03	5.868653341935243244e-06	4.679516896082205348e-08	5.868644305412565303e-06	4.679516896082205348e-08
6.533479999999999563e+03	5.682539714162012921e-06	4.393758157655400070e-08	5.682531239504934701e-06	4.393758157655400070e-08
6.639149999999999636e+03	5.502355083092159563e-06	4.125233635771929737e-08	5.502347135298463299e-06	4.125233635771929737e-08
6.746539999999999964e+03	5.327872574137126259e-06	3.872912788920168152e-08	5.327865120507633571e-06	3.872912788920168152e-08
6.855649999999999636e+03	5.158954930283473822e-06	3.635906176084414645e-08	5.158947940014604232e-06	3.635906176084414645e-08
6.966539999999999964e+03	4.995377556583607358e-06	3.413312985509800793e-08	4.995371000922218454e-06	3.413312985509800793e-08
7.079220000000000255e+03	4.836998718510233407e-06	3.204124209203261116e-08	4.836992570434467302e-06	3.204124209203261116e-08
7.193720000000000255e+03	4.683651203759661351e-06	3.007662271011035972e-08	4.683645437907388180e-06	3.007662271011035972e-08
7.310069999999999709e+03	4.535174067280074257e-06	2.823055922297779851e-08	4.535168659892816909e-06	2.823055922297779851e-08
7.428310000000000400e+03	4.391400572335138709e-06	2.649733068713827470e-08	4.391395501139407740e-06	2.649733068713827470e-08
7.548449999999999818e+03	4.252205704210582626e-06	2.486913172754408853e-08	4.252200948270649232e-06	2.486913172754408853e-08
7.670539999999999964e+03	4.117421536056192953e-06	2.334025058627531971e-08	4.117417075792200227e-06	2.334025058627531971e-08
7.794609999999999673e+03	3.986910946166486445e-06	2.190503861204731222e-08	3.986906763209834593e-06	2.190503861204731222e-08
7.920680000000000291e+03	3.860550468218089212e-06	2.055686743974875230e-08	3.860546545304523906e-06	2.055686743974875230e-08
8.048789999999999964e+03	3.738199903853961910e-06	1.929063930919429084e-08	3.738196224822413422e-06	1.929063930919429084e-08
8.178979999999999563e+03	3.619725788065470348e-06	1.810180144798468955e-08	3.619722337778186397e-06	1.810180144798468955e-08
8.311260000000000218e+03	3.505025728898151440e-06	1.698562750071418053e-08	3.505022493086617661e-06	1.698562750071418053e-08
8.445690000000000509e+03	3.393957407132357583e-06	1.593765912594743394e-08	3.393954372493555197e-06	1.593765912594743394e-08
8.582290000000000873e+03	3.286417526846236143e-06	1.495365624296458392e-08	3.286414680864698972e-06	1.495365624296458392e-08
8.721110000000000582e+03	3.182282706893560633e-06	1.402989608530187620e-08	3.182280037846590280e-06	1.402989608530187620e-08
8.862159999999999854e+03	3.081463585544690460e-06	1.316271452843899732e-08	3.081461082424299682e-06	1.316271452843899732e-08
9.005500000000000000e+03	2.983837769779538632e-06	1.234858574635995009e-08	2.983835422270544950e-06	1.234858574635995009e-08
9.151159999999999854e+03	2.889308796409648165e-06	1.158440922417162481e-08	2.889306594847081660e-06	1.158440922417162481e-08
9.299170000000000073e+03	2.797782928931930672e-06	1.086717574436204902e-08	2.797780864232669959e-06	1.086717574436204902e-08
9.449579999999999927e+03	2.709157442676792698e-06	1.019389600812159518e-08	2.709155506334410299e-06	1.019389600812159518e-08
9.602420000000000073e+03	2.623345370955888521e-06	9.562085823841873859e-09	2.623343554995871206e-06	9.562085823841873859e-09
9.757729999999999563e+03	2.540256758416906337e-06	8.968975891159149567e-09	2.540255055341879616e-06	8.968975891159149567e-09
9.915549999999999272e+03	2.459804891993837942e-06	8.412426905615236094e-09	2.459803294796165258e-06	8.412426905615236094e-09
1.007589999999999964e+04	2.381915649273232423e-06	7.890107093135444061e-09	2.381914151352800017e-06	7.890107093135444061e-09
1.023889999999999964e+04	2.306470867306217394e-06	7.399880471542800736e-09	2.306469462523457296e-06	7.399880471542800736e-09
1.040450000000000000e+04	2.233435311866550655e-06	6.939906697713111605e-09	2.233433994410395872e-06	6.939906697713111605e-09
1.057279999999999927e+04	2.162707104458821228e-06	6.508237909945936976e-09	2.162705868905906145e-06	6.508237909945936976e-09
1.074379999999999927e+04	2.094230842757908210e-06	6.103246800244470133e-09	2.094229684015391751e-06	6.103246800244470133e-09
1.091760000000000036e+04	2.027913182807549202e-06	5.723201993958549149e-09	2.027912096116444093e-06	5.723201993958549149e-09
1.109420000000000073e+04	1.963702840230156289e-06	5.366640700180616339e-09	1.963701821097894645e-06	5.366640700180616339e-09
1.127360000000000036e+04	1.901547743830654926e-06	5.032155893679761153e-09	1.901546788042291957e-06	5.032155893679761153e-09
1.145589999999999964e+04	1.841363134836009189e-06	4.718357606646113626e-09	1.841362238451918849e-06	4.718357606646113626e-09
1.164120000000000073e+04	1.783070131387305276e-06	4.423924017169592134e-09	1.783069290731889098e-06	4.423924017169592134e-09
1.182950000000000000e+04	1.726624391173248075e-06	4.147719398062977965e-09	1.726623602781449703e-06	4.147719398062977965e-09
1.202079999999999927e+04	1.671980803918821287e-06	3.888642338632999258e-09	1.671980064528739923e-06	3.888642338632999258e-09
1.221529999999999927e+04	1.619040717372757685e-06	3.645558664363514422e-09	1.619040023962891068e-06	3.645558664363514422e-09
1.241279999999999927e+04	1.567816418119757008e-06	3.417624791662116114e-09	1.567815767803610190e-06	3.417624791662116114e-09
1.261360000000000036e+04	1.518189214403647382e-06	3.203779428272004417e-09	1.518188604517913726e-06	3.203779428272004417e-09
1.281760000000000036e+04	1.470146113077421565e-06	3.003222942649224751e-09	1.470145541098785684e-06	3.003222942649224751e-09
1.302500000000000000e+04	1.423603303871386871e-06	2.815080092563794145e-09	1.423602767471001982e-06	2.815080092563794145e-09
1.323560000000000036e+04	1.378568446356912913e-06	2.638693660055213357e-09	1.378567943291503945e-06	2.638693660055213357e-09
1.344970000000000073e+04	1.334941198035417908e-06	2.473235639069957046e-09	1.334940726248563778e-06	2.473235639069957046e-09
1.366720000000000073e+04	1.292708355505075636e-06	2.318088560792166472e-09	1.292707913036863866e-06	2.318088560792166472e-09
1.388829999999999927e+04	1.251798343723913159e-06	2.172581068678156663e-09	1.251797928767445864e-06	2.172581068678156663e-09
1.411289999999999964e+04	1.212197819205126860e-06	2.036143548122750261e-09	1.212197430039770960e-06	2.036143548122750261e-09
1.434120000000000073e+04	1.173840448603590879e-06	1.908194459334597530e-09	1.173840083640906968e-06	1.908194459334597530e-09
1.457310000000000036e+04	1.136712809679395218e-06	1.788242475185248941e-09	1.136712467394130010e-06	1.788242475185248941e-09
1.480889999999999964e+04	1.100738512155998532e-06	1.675742692895338768e-09	1.100738191157403760e-06	1.675742692895338768e-09
1.504839999999999964e+04	1.065920413697506507e-06	1.570284658288497300e-09	1.065920112656753495e-06	1.570284658288497300e-09
1.529179999999999927e+04	1.032201309931323342e-06	1.471406803043356708e-09	1.032201027599801882e-06	1.471406803043356708e-09
1.553910000000000036e+04	9.995548096492179329e-07	1.378709941885160570e-09	9.995545448666495880e-07	1.378709941885160570e-09
1.579039999999999964e+04	9.679418993686375568e-07	1.291806830035216441e-09	9.679416510479296545e-07	1.291806830035216441e-09
1.604579999999999927e+04	9.373256793914632501e-07	1.210335612055199784e-09	9.373254465016908257e-07	1.210335612055199784e-09
1.630539999999999964e+04	9.076711903089624703e-07	1.133949438692285753e-09	9.076709719073814533e-07	1.133949438692285753e-09
1.656909999999999854e+04	8.789664944394267990e-07	1.062362306838008836e-09	8.789662896085924051e-07	1.062362306838008836e-09
1.683709999999999854e+04	8.511669229378332606e-07	9.952508033945892755e-10	8.511667308378382071e-07	9.952508033945892755e-10
1.710940000000000146e+04	8.242508255564252742e-07	9.323527690257716194e-10	8.242506453945068619e-07	9.323527690257716194e-10
1.738609999999999854e+04	7.981870695635871734e-07	8.733977883121939827e-10	7.981869006035859972e-07	8.733977883121939827e-10
1.766740000000000146e+04	7.729373204182215689e-07	8.181291074020105835e-10	7.729371619630955818e-07	8.181291074020105835e-10
1.795309999999999854e+04	7.484997129107798261e-07	7.663428653284730137e-10	7.484995643077046422e-07	7.663428653284730137e-10
1.824350000000000000e+04	7.248290928387748007e-07	7.178016511833290687e-10	7.248289534738384097e-07	7.178016511833290687e-10
1.853859999999999854e+04	7.019075194831958375e-07	6.723099402018743272e-10	7.019073887831076002e-07	6.723099402018743272e-10
1.883840000000000146e+04	6.797167545548413406e-07	6.296840637708772878e-10	6.797166319751819474e-07	6.296840637708772878e-10
1.914309999999999854e+04	6.582245956546892014e-07	5.897372890138248274e-10	6.582244806959695702e-07	5.897372890138248274e-10
1.945270000000000073e+04	6.374144332601663568e-07	5.523081115998333610e-10	6.374143254473675520e-07	5.523081115998333610e-10
1.976740000000000146e+04	6.172568457117394978e-07	5.172270271577750373e-10	6.172567446036418455e-07	5.172270271577750373e-10
2.008709999999999854e+04	5.977429114404730433e-07	4.847793856251968644e-10	5.977428166153324863e-07	4.847793856251968644e-10
2.041200000000000000e+04	5.788448806239968184e-07	4.538405102267539910e-10	5.788447916924449104e-07	4.538405102267539910e-10
2.074209999999999854e+04	5.605476012473840783e-07	4.248734160182118382e-10	5.605475178439471725e-07	4.248734160182118382e-10
2.107759999999999854e+04	5.428259213370862087e-07	3.977476203721203227e-10	5.428258431186571986e-07	3.977476203721203227e-10
2.141850000000000000e+04	5.256662244663667939e-07	3.723500139216271513e-10	5.256661511115245222e-07	3.723500139216271513e-10
2.176500000000000000e+04	5.090453219359298917e-07	3.485664955000908745e-10	5.090452531422074692e-07	3.485664955000908745e-10
2.211700000000000000e+04	4.929550380734789847e-07	3.263013353469110722e-10	4.929549735564641352e-07	3.263013353469110722e-10
2.247470000000000073e+04	4.773734012887563322e-07	3.054540508326357275e-10	4.773733407817590382e-07	3.054540508326357275e-10
2.283820000000000073e+04	4.622840184015205612e-07	2.859334652596210705e-10	4.622839616535477552e-07	2.859334652596210705e-10
2.320759999999999854e+04	4.476711206750445724e-07	2.676565520581025198e-10	4.476710674533796695e-07	2.676565520581025198e-10
2.358300000000000000e+04	4.335195288759382793e-07	2.505430948517803799e-10	4.335194789648703106e-07	2.505430948517803799e-10
2.396440000000000146e+04	4.198181248244417124e-07	2.345219130120131384e-10	4.198180780165679373e-07	2.345219130120131384e-10
2.435200000000000000e+04	4.065489735888709412e-07	2.195209839639473146e-10	4.065489296895774404e-07	2.195209839639473146e-10
2.474590000000000146e+04	3.936985000866446908e-07	2.054759889207475951e-10	3.936984589143249534e-07	2.054759889207475951e-10
2.514620000000000073e+04	3.812536000262756357e-07	1.923255760475217607e-10	3.812535614141386041e-07	1.923255760475217607e-10
2.555290000000000146e+04	3.692045075754397617e-07	1.800151274114067309e-10	3.692044713652287117e-07	1.800151274114067309e-10
2.596620000000000073e+04	3.575358270423279972e-07	1.684891827011567098e-10	3.575357930850971614e-07	1.684891827011567098e-10
2.638609999999999854e+04	3.462383775509195968e-07	1.576994707105545568e-10	3.462383457017549257e-07	1.576994707105545568e-10
2.681290000000000146e+04	3.352953622107225822e-07	1.475968327425642683e-10	3.352953323428999001e-07	1.475968327425642683e-10
2.724659999999999854e+04	3.246984850695121816e-07	1.381386602614561812e-10	3.246984570548294521e-07	1.381386602614561812e-10
2.768729999999999927e+04	3.144370454040690501e-07	1.292843249269271238e-10	3.144370191320836059e-07	1.292843249269271238e-10
2.813509999999999854e+04	3.045006800589649135e-07	1.209952159381589176e-10	3.045006554190017886e-07	1.209952159381589176e-10
2.859020000000000073e+04	2.948772861613255304e-07	1.132350694929677388e-10	2.948772630546424414e-07	1.132350694929677388e-10
2.905259999999999854e+04	2.855593939099537235e-07	1.059708204205756965e-10	2.855593722412353232e-07	1.059708204205756965e-10
2.952250000000000000e+04	2.765356850616050017e-07	9.917036989831458273e-11	2.765356647381948326e-07	9.917036989831458273e-11
3.000000000000000000e+04	2.677972367372521121e-07	9.280436455949309265e-11	2.677972176788215929e-07	9.280436455949309265e-11
3.000019999999999709e+04	2.677936638463675937e-07	9.281847657380319180e-11	2.677936447885054336e-07	9.281847657380319180e-11
9.999989999999999418e+04	2.408607057794613808e-08	5.880419550959123031e-13	2.408607042345717526e-08	5.880419550959123031e-13
1.000001000000000058e+05	2.408597422526012371e-08	5.939451545820215356e-13	2.408597407112291448e-08	5.939451545820215356e-13
5.000000000000000000e+05	9.633604336108575341e-10	9.207238725945144045e-16	9.633604334454354737e-10	9.207238725945144045e-16
